2.41591	-18.5381
-0.388001	-2.24349
2.48529	-0.389331
-1.0492	-2.80791
3.39363	-6.62962
-5.82539	-4.40808
-0.835584	-2.44507
-6.53918	-4.97719
2.08692	-3.54235
3.69071	-3.43792
0.251214	-6.03277
4.86962	-4.77765
3.74159	-6.80753
2.04444	-4.711
4.57346	-3.14738
-9.03752	-18.8617
-15.7031	-27.4589
-19.8541	-20.6266
-13.2007	-30.4886
-15.4904	-27.8626
-13.3008	-26.7613
-11.1248	-28.9447
-11.6184	-26.7317
-4.22197	-26.0198
-0.090963	-17.4116
-0.664045	-18.8741
-0.496662	-19.9684
1.96116	-21.0593
3.02387	-21.0422
3.76226	-21.6791
7.35544	-22.2393
6.96028	-21.7171
8.53504	-22.3435
7.8126	-21.8234
9.67402	-22.5576
8.9719	-24.6307
4.10543	-15.4756
-0.467605	-21.1575
0.299883	-26.8063
-0.272678	-30.2779
-0.471936	-32.5912
0.0889161	-36.2205
-0.00913441	-38.0692
-3.58643	-36.1764
-2.98217	-35.2409
-5.08753	-33.0269
-4.48582	-33.9138
1.28948	-18.1775
-0.610482	-31.3683
0.326161	-36.9312
-2.23501	-36.1741
-5.44724	-34.9348
-7.45171	-34.7423
-7.63189	-34.9194
-6.93239	-33.8806
-6.68237	-34.4046
-4.38229	-36.1443
4.33193	-36.0062
2.3737	-26.7922
-0.735181	-22.4901
-3.59361	-24.0495
-1.79543	-29.3293
-1.19734	-28.9476
-0.867734	-29.5428
-0.0414101	-29.3509
2.99685	-31.2157
2.32117	-29.8846
3.11638	-23.3836
0.212551	-16.1461
-1.20486	-18.6979
-2.70805	-17.1135
-3.68666	-18.5428
-2.79588	-20.3854
-3.5551	-22.7998
-3.25476	-26.5529
-6.01944	-25.1845
-5.96085	-24.8653
-8.43629	-15.2257
-8.66397	-13.706
-4.82911	-14.4592
-3.69757	-21.9266
-5.70198	-21.6395
-6.46011	-24.1468
-6.73154	-25.5412
-8.86286	-25.9474
-8.62677	-26.9839
-5.41364	-30.0731
-3.50102	-31.7182
-2.51114	-29.0872
-0.743511	-28.4246
-6.15266	-24.6841
-6.52188	-17.7845
-5.38609	-20.1944
-10.4729	-16.8573
-10.8127	-12.7854
-5.07368	-13.041
1.95497	-14.1602
1.64768	-3.77642
-6.08292	-8.33024
-14.8632	-6.21763
-5.46249	-3.93747
5.62836	-6.847
-3.24322	-10.3205
-0.634911	-16.1328
4.33069	-10.0353
1.80829	-25.0849
1.70916	-24.3544
1.56227	-21.3482
-3.72881	-20.9643
-5.0624	-19.8964
-0.484364	-22.8413
2.07645	-26.7794
0.431085	-25.3375
-2.49168	-18.7634
-1.76861	-14.1163
1.17054	-15.9047
8.35848	-6.59539
1.02906	-4.08557
-2.46839	-6.81846
-13.7359	-13.9454
-12.7088	-4.03315
-13.6071	-3.04075
-9.4518	-2.92032
-19.0573	1.16064
-12.99	-8.64619
-13.6781	-14.951
-1.30986	-8.99347
-5.65173	-22.5564
3.75478	-12.7862
3.43496	-9.55991
5.63539	-9.75094
4.83402	-5.73174
6.28614	-4.04391
3.20711	-0.479285
9.47574	-2.4451
8.10841	5.24164
2.74663	-1.08627
-1.28338	-10.6618
4.4941	-13.5253
0.382333	-26.703
4.98133	-20.4704
5.50563	-10.3668
-0.22201	-8.47309
-5.78549	-18.7292
-2.99591	-28.3158
-7.33167	-26.2332
-6.41769	-27.2225
-5.5741	-27.8036
-3.32055	-27.8999
-4.10423	-26.8477
-8.50735	-22.2996
-10.2452	-17.6674
-11.0622	-12.401
-11.9602	-7.43097
-9.1544	-4.17243
-12.524	-0.371584
-14.3112	2.91704
-15.4664	1.04571
-16.6523	-0.324443
-19.5287	-2.74945
-10.6695	-0.165341
0.410674	-6.85416
-0.0804958	-3.97229
-4.64781	-10.0837
2.44259	-3.84303
5.32511	-6.9825
3.86209	2.86425
5.04984	2.67197
2.43231	-9.225
4.93268	-14.2993
3.26572	-8.90906
3.75637	-16.2902
12.4203	-10.4874
7.83638	-17.3974
1.86723	-25.3434
-9.76908	-25.5345
-10.8772	-18.2315
-8.21276	-14.6608
-8.32287	-7.93946
-4.02009	0.769866
-11.9648	-3.84197
-7.05086	-2.85006
-13.1877	4.80655
-7.81377	-0.489534
0.500851	2.09522
-4.95945	-1.48051
-3.97831	4.01137
-5.16641	6.64479
2.35327	6.31761
1.09994	4.817
4.6196	5.24252
4.24412	3.72539
3.10403	6.34376
4.70377	-1.58685
2.82898	-4.67359
4.65986	-6.41536
-1.53941	-2.3081
2.14642	2.96153
7.6833	-1.53592
3.48694	-2.58956
0.771107	-7.60837
-0.194574	-3.95891
5.2424	-2.06272
-0.65575	-5.02361
4.43878	-0.855324
-1.01026	-3.2082
-1.77135	-7.20652
0.997956	-1.33866
4.47592	-1.52339
5.91432	0.978722
3.99618	-6.54681
3.27439	-8.84046
6.62712	-10.2887
1.88457	-10.5502
6.20373	-5.18083
6.72019	-2.47533
6.08733	1.28063
-8.69775	-20.8606
-5.15908	-24.0201
-1.26117	-27.9639
-8.64306	-24.6011
-5.51827	-15.9822
-8.57449	-5.89424
-7.92763	-10.6457
-7.5614	-15.9832
-8.65641	-20.1499
-9.16174	-20.8804
-9.09945	-23.5988
-6.32583	-26.0669
-6.62096	-26.5782
-5.14053	-28.7286
-3.68305	-31.2027
-3.07125	-33.8101
-2.44282	-34.8789
-1.03956	-35.2543
2.22828	-36.5867
4.30283	-34.9538
3.79053	-35.5026
3.58322	-35.652
2.43292	-34.0424
-1.33964	-33.9474
-2.76297	-34.4578
-3.94263	-34.5765
-4.26082	-35.8499
-4.8683	-34.2941
-6.07055	-27.2604
-8.98462	-20.4229
-13.4892	-14.4166
-18.4685	-11.7145
-19.6019	-12.7841
-20.9591	-15.1356
-16.9928	-17.4671
-8.83594	-19.7783
-6.94649	-16.3025
-3.36948	-1.88312
0.648339	-12.3303
-6.79993	-14.2937
-3.47991	-14.0766
-6.11343	-10.5162
-3.81607	-16.2771
-1.75374	-22.6344
-2.48852	-25.215
-3.3502	-24.7458
-5.99583	-26.6604
-7.30089	-26.5466
-6.78193	-26.2434
-8.45085	-23.2095
-8.09248	-19.1793
-8.51129	-17.5817
-8.23706	-14.2615
-8.53712	-11.7035
-7.54001	-12.2301
-6.65446	-13.0324
-7.68073	-11.8536
-7.50118	-12.5099
-6.87582	-13.7732
-6.09602	-17.1114
2.145	-22.1823
9.66872	-20.8187
7.7129	-21.6437
9.92923	-21.6164
9.44211	-23.8432
9.58829	-22.7451
10.8886	-23.6664
-1.13157	-17.7859
-2.3714	-15.9708
-0.706291	-19.8624
0.745937	-22.3882
5.18648	-24.1634
7.38119	-23.1356
7.32793	-25.8938
5.41395	-26.4739
5.59373	-28.5146
-0.882903	-23.4474
-0.800296	-22.8577
4.60516	-19.6483
6.65533	-22.8416
-0.706322	-18.0287
0.327301	-15.4639
5.87082	-10.6014
5.22527	-12.8185
-2.75589	-20.7237
-2.40709	-20.7438
-0.115192	-21.763
0.910016	-27.4629
-2.37892	-22.4196
-4.03884	-19.9475
-1.52123	-23.2873
-8.13023	-16.7881
3.51605	-9.54351
3.16519	-8.2322
-0.0552375	-10.3781
4.77651	-12.1102
-0.196683	-15.1852
-2.36576	-17.29
5.7584	-11.4629
-7.63145	-14.2232
-10.594	-12.0266
-11.9466	-12.3799
-11.4542	-12.5157
-8.82536	-12.1998
-4.33799	-8.00011
5.66422	-4.37504
5.00032	-17.7118
3.24303	-10.8692
-7.2534	-19.9755
-6.13634	-18.1155
0.300384	-9.23394
4.26382	-7.89449
-3.04984	-16.2506
-10.0673	-11.6425
-2.61604	-21.6517
-13.7273	-10.5502
-3.8719	-18.5422
-7.95404	-11.7544
-5.85936	-2.84172
-10.037	-6.57712
-12.2128	-4.63993
-14.2099	-4.81495
-15.302	-9.94082
-15.1223	-1.8655
-10.3885	-13.2264
-10.0327	-11.0667
-7.50975	-8.61478
-2.53906	-18.1787
-11.2053	-20.3921
-1.91846	-25.3277
-6.78788	-18.1798
-3.87979	-22.0513
-8.78031	-18.5321
-5.44388	-13.031
-6.784	-2.692
-6.19289	-2.25979
-5.84278	-10.005
-6.24844	-10.5015
3.22228	-8.01859
-3.68533	-9.2192
-6.22108	-8.90792
-6.00295	-5.53539
2.18872	-13.4901
0.374436	-15.4781
-0.0867531	-15.3102
-4.51628	-14.9743
-1.99096	-14.7941
2.60756	-16.8593
4.23529	-25.5426
7.80863	-27.7021
7.82824	-26.5941
4.80341	-28.8315
1.09245	-25.7083
-5.39498	-22.7261
-12.7352	-20.4338
-13.1855	-19.2288
-8.50917	-24.7969
0.767561	-24.2123
-0.426335	-22.6149
4.00676	-25.6854
3.48542	-23.3477
2.00032	-21.2743
4.65656	-20.6628
2.50454	-10.9776
1.40118	-11.9422
5.73247	-12.6532
2.29376	-10.3966
4.87335	-6.05221
-6.77789	-13.0567
-3.33878	-13.3332
4.22508	0.78407
-0.496372	3.2823
-7.00624	-15.2182
-11.1211	-21.1764
-10.9913	-19.9846
-4.45155	-15.3002
1.12307	-3.21584
3.66813	-0.243641
-3.76739	-3.61486
-4.18502	-14.0366
-7.38563	-7.76193
-3.2789	-4.70971
0.905463	-3.07215
1.64275	-7.77558
1.99615	-15.8568
-0.0805303	-16.1219
-9.32475	-17.3567
-3.66203	-15.7691
5.48	1.6592
0.295073	-9.01288
-3.91398	-12.8046
-1.99343	-12.0809
-3.57115	-10.6472
-2.30501	-11.6981
-3.73692	-8.78122
-3.12641	-9.49223
-4.29134	-9.62989
-3.344	-11.3317
-1.85229	-14.34
5.64637	-23.1045
5.15082	-24.9183
2.90683	-22.0856
3.64287	-17.411
1.39724	-15.846
-0.815659	-18.2408
-1.69298	-16.8402
0.729703	-20.5516
-0.898142	-22.3561
0.997002	-11.8906
5.84114	-7.83465
9.08606	-5.18544
5.74456	-6.8146
6.37102	-6.44842
5.11818	-1.08243
3.82779	-2.11756
6.32544	-5.76832
0.973165	-7.61472
5.48083	-0.074215
4.09027	-2.06304
0.0365765	-2.75832
1.64169	-7.00673
0.692341	-5.86511
2.41361	-4.33218
-0.148007	-3.03815
-3.40719	-22.2218
-4.52716	-23.9902
-3.7019	-32.8132
-4.80891	-31.9795
-2.93415	-29.852
-6.08816	-24.1293
-3.70476	-21.1712
-1.27011	-7.55236
-2.54842	-6.45408
-2.27144	-6.82431
-9.46723	-10.8452
-6.97723	-4.84405
-2.07384	-11.8653
-9.30077	-7.88526
-6.90319	-7.21885
-3.36527	-11.9121
-4.48228	-4.85273
0.667009	-3.37002
-0.985173	-0.30347
-3.00935	-3.38775
-9.93643	-16.0292
-14.5642	-14.6707
-15.4557	-12.9935
-14.1343	-13.3491
-16.1985	-13.7546
-16.4352	-11.376
-13.6532	-15.2514
-11.0649	-17.1367
-6.95506	5.4897
-6.31312	-2.58066
-2.89516	2.99113
-15.8457	-7.15704
-6.67761	-3.72076
-1.01931	-5.79463
-10.4916	-22.3083
-5.27284	-26.3384
0.588962	-29.2756
-0.297923	-21.7949
4.34519	-17.1913
10.0581	-24.339
5.79967	-23.0628
7.73251	-20.3744
4.52558	-17.8791
-0.172739	-15.4209
0.450427	-13.843
-0.762803	-11.1756
-4.95825	-16.3199
-6.81197	-16.332
-7.7686	-15.2997
-10.8832	-12.4497
-10.5249	-13.0277
-11.726	-10.468
-12.5378	-8.57959
-5.28155	-6.62364
1.81314	-6.61927
-3.86295	-3.8264
-4.97984	-10.8061
-21.7539	-6.30135
-2.04715	-10.521
-12.559	-27.1329
-11.7917	-26.4716
-12.9569	-24.8794
-12.1798	-18.6128
-12.2736	-15.4567
-13.2101	-13.622
-9.04473	-13.1851
-7.81001	-9.62341
-5.6391	-5.17127
8.13026	-3.27477
5.37097	-3.76367
5.40744	-8.76272
-1.33277	-12.4152
0.561817	-12.9657
0.660681	-15.4604
-3.20259	-21.4169
2.25026	-25.4393
2.91478	-18.66
6.76337	-27.1919
0.221574	-30.5011
-0.308298	-32.3474
0.534788	-32.3064
0.61322	-32.8708
1.59483	-30.8135
2.12434	-23.3554
-1.24498	-12.5187
-7.00997	-6.15423
-7.01455	-9.74914
-11.3536	-12.6727
-14.699	-11.901
-13.9411	-17.3759
-18.4816	-13.8894
-14.071	-13.2206
-11.5574	-14.1674
-6.41729	-18.3151
-0.684273	-22.764
0.732791	-2.44941
7.43381	-14.5112
-1.14826	-12.0447
3.6264	-6.53898
2.48767	-11.9371
-7.22637	-16.1149
-6.54397	-17.7143
-5.26697	-20.3048
-1.79588	-22.9927
-0.994555	-26.3148
0.0646761	-28.805
0.315983	-31.2322
0.359331	-34.7733
0.0587809	-33.556
-1.29157	-29.9791
-2.00033	-26.7354
-2.57335	-24.2046
4.09709	-24.3201
4.7068	-24.1139
6.76921	-27.5782
7.20726	-27.9387
5.37118	-26.0137
4.06953	-26.7234
3.73946	-24.2226
4.43474	-18.7186
1.07716	-18.4463
3.54438	-22.6894
0.913988	-18.4586
-0.716634	-11.3578
6.30144	1.43016
-12.2466	-4.87519
-9.18237	-10.1002
-13.3019	-10.0784
-14.0578	5.59423
-14.8104	1.74702
-20.4601	1.3938
-8.24085	5.59369
-17.8034	-5.63906
-12.3321	-6.1836
-2.13343	-4.36188
3.14291	-2.40708
1.51179	-3.63306
-5.21022	-6.69026
-6.74775	-6.03318
-4.8507	-7.39014
-4.8664	-5.86828
-5.35852	-8.79558
-7.43693	-5.33155
-4.64572	-9.70001
-1.50086	-8.95647
-2.89552	-7.12454
-2.43288	-5.26558
-5.81124	-1.97248
-7.62485	-3.417
-4.59468	-7.48186
-2.00691	-2.85871
-3.20387	0.743238
2.8272	-0.721671
3.13031	2.79455
4.46388	4.47716
10.878	-7.98687
-0.190051	-3.43806
4.265	-2.16594
5.97778	-3.80003
-0.993164	-4.20471
5.30815	-5.03588
4.95748	-3.70915
5.48668	-1.59657
3.53063	-0.705502
0.219656	-8.92161
4.00411	-2.56705
-0.463172	-7.99156
1.15454	-1.56883
2.74473	-5.56794
4.58284	-5.29715
2.87072	-5.79884
-3.06922	-8.05448
5.60965	-2.08971
12.3567	-1.33238
6.46788	-15.3314
0.41547	-16.7199
3.77823	-20.2386
5.50208	-21.9646
5.3205	-17.3689
2.07671	-12.8565
1.92866	-14.1283
10.3611	-25.5716
7.79174	-32.6735
10.9218	-28.3521
9.6251	-26.6316
4.47487	-23.9426
-2.33355	-17.7415
2.55738	-19.094
2.23076	-8.09015
1.66192	-4.16158
-0.890963	-3.33934
-9.19967	-12.4011
-7.82316	-8.19495
-10.7872	-7.97293
-13.7711	-13.5197
-11.8859	-12.9491
-9.10976	-12.6471
-11.0943	-17.2443
-3.58162	-23.2922
0.900501	-29.5537
0.860964	-33.857
-1.19872	-32.2061
1.24347	-33.4238
0.853557	-33.5396
-0.452914	-33.7354
0.451845	-35.5059
0.262239	-33.3683
-0.712908	-31.7575
-0.284295	-27.4844
3.9702	-23.2785
3.23652	-22.3108
3.86563	-26.3436
1.95979	-27.4277
1.86447	-25.7725
4.47041	-26.3825
2.21527	-26.7734
-0.821488	-28.7183
1.24461	-30.3542
-4.71943	-23.5882
-4.63365	-18.4474
-4.70983	-19.4181
-7.0895	-14.488
-4.00737	-11.4383
1.46575	-19.7583
-0.210968	-21.2494
3.43072	-15.3084
-6.9577	-11.3276
-7.69703	-7.13587
-12.553	-9.22664
-6.98676	-21.075
-4.53887	-25.5698
-6.41756	-23.7347
-5.12252	-20.2465
-4.40175	-18.2337
-4.74587	-15.477
-6.96132	-12.6831
-9.32082	-10.5085
-13.4077	-9.00219
-8.22763	-14.5302
4.40758	0.23213
-4.23474	-16.6743
1.77025	-24.1479
-6.55158	-16.9293
-5.5585	-21.2678
-5.67405	-18.2726
-2.10557	-11.9233
-1.28584	-28.4272
-2.36775	-33.4864
-6.15326	-35.6838
-4.90609	-34.1473
1.36429	-30.4448
3.60611	-35.4973
-1.83024	-20.2414
5.76459	-11.7851
2.23895	-10.6333
2.8095	-18.8019
0.775086	-16.8721
-4.95933	-28.3086
0.732117	-18.4991
-2.59488	-20.6183
-6.00762	-16.5933
-6.45762	-14.2467
-7.41238	-12.0562
-9.62684	-12.8161
-1.10356	-21.044
7.19131	-18.7686
6.2121	-17.4976
6.21286	-18.3019
5.41176	-19.5498
4.97582	-21.8957
3.13936	-20.4189
3.48676	-20.3676
-3.61189	-19.4512
-6.09242	-24.9232
-8.26622	-24.7757
-10.7812	-21.199
-9.14167	-22.0697
-10.6753	-18.7218
-5.44038	-18.553
1.82754	-17.3003
7.35799	-19.4592
8.94454	-23.9259
3.94424	-21.3995
2.49708	-17.2424
0.247605	-14.5864
3.75075	-14.8537
7.09626	-16.3195
5.67228	-9.68637
10.7507	-3.10929
7.50405	-4.63593
10.4125	-7.76768
4.88074	-12.1409
9.62325	-11.8292
-3.66999	-1.92604
-15.0136	-14.2169
-7.23877	-16.7968
-3.90161	-22.1198
-1.26398	-31.1268
-0.880318	-33.4735
3.54243	-37.5582
1.43427	-37.3919
2.17771	-37.9587
1.74201	-33.2783
2.1595	-26.3108
8.32907	-13.1576
4.48676	-13.5414
0.0567288	-18.156
1.20747	-21.1962
-1.82898	-13.3752
2.13482	-9.9089
-2.21056	-15.1544
2.00146	-9.36734
-6.69471	-16.0083
-4.36615	-17.7844
-5.85926	-15.8591
-2.77301	-21.3427
-8.74328	-20.0547
-5.0769	-22.242
-3.26199	-23.7213
-3.97818	-22.0393
-10.0522	-14.8387
-14.6375	-14.345
-3.65788	-12.4631
-6.1442	-10.1875
-13.3844	-13.0296
-7.05641	-7.96489
-7.19476	-4.64856
-13.3876	-10.1285
-9.39388	-12.6103
-2.19391	-5.98616
-5.74945	-11.7612
-8.62893	-9.89166
-5.23747	-0.740403
-7.52705	0.955096
-5.77711	-1.60252
-12.1109	-14.5087
-8.43425	-11.1589
2.40477	-21.4659
10.2405	-10.5728
3.12812	-8.33675
12.418	-13.2587
-4.1251	-18.1488
-5.10102	-22.8382
-10.5505	-17.3026
-13.9319	-14.731
-15.8213	-11.8809
-20.3181	-9.08245
-20.8881	-6.88047
-14.0302	-14.5282
-14.7832	-14.289
-15.5963	-14.7737
-17.0521	-13.7858
-16.3409	-11.1875
-16.7537	-9.88504
-15.6833	-7.37277
-12.8738	-6.02635
-9.15709	-5.85603
-9.67974	-9.98712
-9.63794	-2.00675
-7.9512	-7.77441
-5.83727	-6.94481
-5.1243	-4.69742
-5.86653	-7.71834
-4.58543	-9.26078
-3.92101	-15.0408
-0.630066	-18.0586
-3.13615	-18.2175
-2.28608	-6.17571
-3.96408	-6.0382
-6.6555	-6.2687
-4.46911	-1.47941
-5.31719	-2.59212
-4.38276	-9.66137
0.317213	-5.72658
-2.96557	-2.7938
-4.11407	-6.14607
-3.92213	-5.16602
-1.38258	-2.29308
-10.4087	-5.82429
-13.7352	-5.24068
-9.35434	-13.5089
-8.06098	-1.28738
-15.9063	-4.23783
-8.83279	-4.88795
-13.9227	-0.536528
-11.829	-0.151509
-14.9251	-8.86135
-15.3304	-11.2623
-15.3677	-6.13983
-9.47554	-2.29
-8.01239	-2.56817
-8.93366	-3.23461
-5.97226	1.93165
-0.0978241	2.51725
-4.00923	0.714856
3.14758	-4.95559
-0.971193	-11.3944
2.58026	0.409672
0.492034	-5.13393
0.100538	-7.72288
3.35864	-5.20962
2.78972	-2.44075
0.69424	-5.04205
2.54483	-1.79906
-3.30207	-3.07676
0.221767	-3.6916
-4.82634	0.0192962
1.03698	-9.20922
2.22975	-4.76925
2.25821	3.58223
5.60399	-4.53465
-0.692729	1.44193
1.106	-2.87822
2.38293	-8.2699
2.35302	-0.513977
2.90731	-3.99199
5.24577	-10.8414
-0.672088	-19.1693
3.59093	-18.6558
-2.50952	-6.79866
-7.29659	-8.70135
-3.00879	-14.5509
-7.60227	-14.987
-11.1017	-13.4205
-14.062	-10.2512
-13.5728	-11.988
-16.4782	-9.38914
-14.6349	-9.79943
-7.70884	-16.3702
-3.91902	-6.80265
2.87669	-4.3467
-3.18471	-3.309
0.960026	-5.32516
-1.53233	-4.51555
-6.73299	-1.34264
-6.2458	-5.29632
-3.25732	-4.75655
-2.2853	-4.76302
-2.58933	-9.09113
-10.9823	-9.10492
-12.7452	-10.5572
-13.9108	-6.00967
-12.1592	-5.0347
-7.74056	-7.02782
-4.2616	-11.9303
-2.34653	-14.4991
-3.87675	-12.5293
0.981327	-18.2403
-1.30155	-16.2203
-0.723571	-18.4985
-4.45602	-20.1565
1.82966	-22.6128
-5.77944	-18.267
-5.08769	-20.6661
-6.26347	-16.6634
-9.36535	-12.6442
-8.6374	-11.2114
-13.2292	-10.0761
-7.11581	-12.915
-10.5604	-11.6239
-12.1439	-3.95789
-12.7202	-9.39582
-11.0066	-11.295
-15.3394	-8.85565
-13.9543	-11.7478
-15.0383	-9.81524
-15.2062	-11.409
-11.4681	-16.8952
-11.2719	-18.0133
-8.69034	-14.8057
-3.70602	-6.84592
-9.956	-2.86671
-10.0042	-3.60003
-20.1956	0.227323
-17.2361	-4.86582
-8.55505	1.36823
-11.3783	4.69792
-6.01335	-5.67859
-11.3873	-8.67686
-10.2612	-7.25808
-5.39842	-7.66092
1.04822	-5.90358
1.09031	-0.351761
-9.66992	-4.38061
2.3605	-9.97018
-4.99242	-20.7495
4.10653	-26.6927
1.88118	-25.5907
-0.818321	-26.1435
-0.272671	-26.2621
-0.447909	-27.35
-5.22277	-24.3253
-8.65213	-22.4003
-10.5668	-21.5053
-10.996	-24.0627
-11.6289	-21.1217
-10.1909	-19.8379
-7.75128	-25.2039
-7.19833	-22.6453
-4.88702	-19.0837
-5.32772	-12.003
-6.23431	-13.5213
-7.28298	-16.139
-2.41129	-16.9074
0.826782	-22.0952
1.17895	-19.0331
0.269036	-13.9849
-4.22694	-15.7892
-4.07126	-11.1932
-9.69121	-11.1321
-11.0706	-12.6369
-13.8191	-9.39392
-14.3627	-7.09011
-11.8231	-9.75777
-9.81226	-12.588
-14.4201	-10.6338
-14.0467	-11.8117
-20.4536	-13.6451
-22.7659	-18.6848
-17.0107	-22.3144
-18.6922	-16.0597
-15.8707	-17.1716
-18.2728	-24.4203
-15.5636	-23.7293
-19.2349	-30.0892
-21.8259	-18.3328
-18.6582	-12.4587
-13.2503	-11.457
-8.22372	-9.35585
-0.724083	-12.034
1.43525	-15.9002
0.894091	-20.5124
5.13142	-30.0575
4.37525	-18.9116
-0.372863	-16.1149
-3.26921	-11.9781
-3.5516	-12.7754
-3.4056	-10.9063
-1.24312	-18.8115
1.05233	-24.8732
0.735997	-27.9931
1.86541	-27.292
3.66985	-25.2773
5.22142	-23.0067
-1.32327	-14.8174
-1.30528	-15.9779
-1.50827	-10.2186
-2.66122	-0.485313
4.48946	-2.57616
6.77556	-4.00773
1.65718	-2.56448
2.0987	8.07286
1.3936	-0.0288286
4.0754	-2.78204
-2.81277	0.341941
-4.27014	-0.643817
-1.71257	-2.26525
-1.98526	-9.32047
6.01191	2.10413
4.92104	-6.89289
3.39163	-5.83677
2.14826	-4.81133
1.1144	-2.09028
2.78046	-10.3952
6.45985	-1.441
-0.793315	-5.13436
2.56584	-4.93829
9.19986	-5.46978
4.96993	-2.5353
6.68749	1.81219
5.14439	-7.27027
2.91621	-3.45805
4.70316	-5.30526
5.79543	-4.12498
3.38635	-1.83611
7.52713	4.48926
10.6001	-3.11685
7.97207	-2.19923
8.97785	-4.52636
6.64361	-0.87669
7.16318	-0.749802
7.05755	-4.60831
-1.01547	-10.3211
-9.57711	-20.5322
-4.7582	-5.90175
3.38625	-1.40013
-5.63285	-12.9492
-10.5209	-8.39931
-14.6244	-9.79275
-13.9123	-12.844
-14.7599	-14.0747
-12.1359	-17.3014
-14.1828	-16.951
-11.8619	-17.8893
-11.2162	-14.3055
-9.01278	-14.3514
6.92072	-21.619
5.71074	-19.9867
6.19598	-21.4684
6.1177	-25.6966
4.08718	-26.8829
3.2953	-26.9081
4.93351	-25.5772
5.09813	-27.75
0.242832	-19.2929
-5.34483	-19.7582
-7.20907	-18.7281
-8.1564	-18.7047
-6.69631	-14.2256
-4.56529	-21.408
-7.05334	-22.9805
-8.22325	-20.3867
-8.7663	-16.7287
-8.40349	-15.1227
-8.23871	-12.5945
-8.40896	-13.0177
-9.93532	-10.8833
-11.5981	-11.213
-13.9256	-10.8281
-14.5543	-12.0272
-10.5991	-12.513
2.54773	-9.89471
-3.97593	-10.3187
-3.8466	-4.83947
-4.23732	-15.1164
-7.07192	-15.8543
-5.65464	-6.86601
-5.94825	-7.41535
-7.05058	-12.4133
-6.4124	-12.7549
-6.76966	-13.6384
-7.5481	-8.76943
-9.77646	-19.4882
-7.77184	-17.6932
2.28169	-25.3723
-5.63702	-17.0038
-5.31246	-21.0733
-8.38984	-17.7305
-10.2448	-13.8247
-6.78869	-13.741
-8.91367	-11.5198
-5.30955	-12.7195
-4.7236	-12.2173
-3.24618	-15.1678
-5.14902	-10.8886
-9.37287	-8.33259
-13.5409	-10.485
-7.31635	-15.3175
-12.6705	-14.5585
-4.64915	-12.2133
-0.0882062	-8.84329
-7.14521	-8.48159
-3.82255	-10.3859
-7.50251	-8.5212
-4.64678	-3.70783
-2.25066	-6.01981
-8.6254	-18.9469
-11.3633	-17.8462
-15.072	-23.405
-0.433567	-11.3389
-2.72363	-17.3127
4.18885	-16.0382
-0.398585	-29.6798
-1.05396	-29.6894
-0.869689	-24.9284
0.976792	-27.28
3.97605	-30.7138
6.70378	-32.0135
4.65	-28.4056
3.53199	-25.3744
2.6093	-22.5442
2.30068	-20.4851
1.01512	-19.1809
0.778128	-21.4905
-0.439699	-21.2319
-4.45961	-17.5135
-6.6616	-16.7751
-8.39888	-15.6319
-5.66154	-20.5658
-4.23072	-23.1222
-0.132859	-14.5592
0.44012	-8.96066
-2.76437	-2.80876
-5.54219	-9.25268
-12.6968	-10.4299
-8.61763	-9.42433
-12.1162	-4.49863
-8.13437	-11.1094
-5.44885	-6.13513
-11.9567	-12.0923
-7.72235	-11.4744
-0.103213	-11.3448
7.73767	-13.7627
0.61564	-25.3212
-4.80919	-24.1772
-7.4905	-21.46
-6.41429	-18.1118
-4.27598	-19.1217
-6.31519	-15.8018
-4.18436	-17.733
-13.1321	-9.83625
-11.587	-3.25038
-12.4924	-4.8425
-12.9983	-6.33379
-6.41934	-9.3205
3.03583	-12.4489
-0.574077	-11.1039
-3.40758	-13.1808
-0.283307	-6.15795
2.87871	-10.4515
2.22142	-13.5076
3.20641	-11.1234
-4.02373	-15.3501
-3.72714	-17.6411
1.4466	-2.57134
-4.52705	-14.7462
4.96557	-8.15297
-6.96409	-12.8608
-9.33782	-12.5748
-9.51075	-10.1226
-4.79993	-12.0281
-6.0621	-10.3452
-4.95208	-10.7942
-6.35489	-7.43953
-4.62725	-10.3221
-3.02538	-13.983
-1.23787	-17.3493
-4.48708	-16.4381
-8.58033	-8.23531
-3.04004	-9.87209
-7.55791	-8.12031
-1.55148	-13.9642
1.60667	-22.721
1.79003	-29.2347
-1.0766	-30.3953
-2.29974	-31.8742
-4.77699	-31.294
-3.71021	-29.502
-8.74117	-26.4759
-7.26843	-23.9618
-0.503967	-29.8329
0.447211	-25.6699
-1.13798	-20.9707
7.79673	-6.93911
0.12373	-5.06567
3.56787	2.5198
-2.11144	0.521307
5.03893	-11.0802
3.584	-8.10087
5.62062	-7.36133
1.85202	-11.9849
1.41873	-5.8605
-0.384632	-2.34724
3.83932	-8.15218
7.11431	-5.77938
2.35125	-7.28061
-7.75414	-16.8763
-6.66165	-13.828
-11.8336	-16.0743
-11.5918	-14.7871
-5.65444	-11.346
-3.10422	-14.2895
-0.118988	-18.2516
6.77111	-6.64593
-4.21734	-3.8555
3.83149	-11.7269
-0.587608	-6.77156
6.9435	-2.63869
4.19555	-5.72015
3.11973	-0.990515
5.35204	-5.42733
6.12517	-2.94213
4.93997	-5.91343
4.39677	2.06719
-0.864268	-17.2253
2.63519	-4.40493
3.49441	3.23647
0.268528	-2.86421
1.88483	-4.25042
1.68381	-7.28192
7.8196	1.11002
5.85503	-4.01583
4.51261	-2.30032
-2.55672	-12.7824
-3.49363	-20.7936
6.37546	-14.6763
10.9927	-9.69205
10.1846	-14.7019
-1.10413	-22.2811
1.80424	-24.7122
0.626573	-27.9073
3.15871	-30.3132
8.40716	-32.3404
11.5178	-27.7109
4.27169	-18.0958
10.218	-15.672
3.13611	-15.3791
3.3469	-17.6108
4.66863	-15.2956
-4.34366	-15.7383
-4.09241	-20.3689
4.0212	-29.7253
1.39079	-34.9543
-7.71266	-33.03
-8.35346	-30.6992
-8.08424	-30.9489
-5.09251	-28.3227
1.14874	-21.1871
-0.275375	-9.47485
0.477314	-20.2746
2.04561	-13.9386
1.53165	-18.0991
-1.13728	-11.8721
-7.20521	-14.7589
-3.90346	-11.5927
-4.19451	-19.6544
-1.70098	-30.4121
-4.87322	-26.4117
-4.84199	-25.3084
-4.99674	-23.5491
-5.53761	-20.3619
-4.85722	-19.3478
-2.74793	-22.3962
-7.30306	-22.4172
-5.32384	-17.6649
-3.13898	-12.5525
2.80164	-7.31111
-0.650684	-6.75987
-4.32705	-10.9933
-4.69288	-4.58813
1.93867	-10.9246
5.00379	-21.721
-2.04871	-19.6057
-1.30264	-19.3152
-3.6491	-14.4684
-3.71846	-17.3598
-12.2058	-23.726
-10.2853	-18.7754
-7.43361	-18.0527
-4.73568	-20.4223
0.0110648	-21.1242
-0.818145	-18.9192
-2.51609	-19.1114
-1.08171	-17.9869
-0.681377	-16.9367
0.221861	-17.9501
-2.6509	-14.7576
-1.99119	-12.8677
-2.64728	-11.8018
4.231	-8.29198
-1.65613	0.403507
0.528851	-0.377938
-7.79276	-4.6855
-4.56123	-6.48692
-3.54319	-1.83187
-10.8572	-13.7779
-10.1861	-18.6477
0.599893	-14.4012
2.56822	-6.71762
3.85352	-26.4322
2.44652	-34.1752
-1.28114	-32.5562
-1.14962	-33.9375
-1.42434	-33.2146
-0.359944	-34.1087
-1.06633	-36.91
-0.0027225	-36.2399
2.1504	-39.7691
0.780061	-37.3912
1.08625	-36.1318
0.114093	-36.1699
-0.790002	-35.6692
-1.93625	-35.1086
-2.72022	-33.0515
-2.61951	-32.493
-4.17668	-30.6872
-2.58328	-28.1719
-2.5341	-25.885
-1.72432	-21.2317
0.35227	-17.5323
7.1905	-25.4834
10.2752	-32.341
8.7981	-29.706
6.19426	-24.2392
7.58126	-25.4291
7.1481	-24.698
8.56356	-25.1092
9.16876	-27.2353
10.2278	-25.2708
9.05308	-23.1112
9.00137	-24.1343
9.50972	-25.7007
0.222202	-20.265
-2.37232	-22.2759
-0.899855	-24.0467
-2.65077	-20.484
-3.11102	-20.8295
-4.7486	-19.6089
-5.34682	-19.255
-6.00583	-16.3116
-4.19909	-17.7114
-5.19542	-10.3598
-4.58451	-3.15178
4.45603	-2.21333
3.2409	-8.14768
-0.319793	-10.2469
5.05025	-18.3122
4.6227	-23.1794
4.76483	-27.6633
4.63933	-31.1763
6.12596	-31.6928
4.65684	-30.0549
2.68868	-21.1836
-10.2666	-11.1168
-6.62594	-13.1552
-5.67758	-14.6731
-2.95217	-18.7974
-6.51506	-18.8245
-12.6868	-14.1385
-14.6705	-14.3924
-17.6524	-11.3031
-17.0491	-13.2069
-16.3617	-15.1596
-16.0972	-15.8055
-15.7059	-15.1863
-15.706	-13.3476
-13.4629	-12.3052
-10.7762	-9.7968
-9.93067	-8.96454
-9.77821	-10.5639
-9.87113	-13.0535
-10.6927	-15.2537
-11.8423	-15.5282
-11.7731	-15.2248
-11.9035	-14.9019
-11.2316	-14.8912
-10.4822	-15.2239
-8.59697	-15.8183
-9.7816	-11.3645
-9.43902	-10.7171
-6.32361	-14.1166
-6.5993	-8.79449
-7.76303	-6.4486
-10.6067	-5.22648
-11.3487	-1.21156
-3.42427	-2.92559
-7.64661	-7.67311
-7.01885	-4.72535
-1.55315	-13.5725
-2.2809	-8.54456
4.08856	-9.52429
-0.486716	-6.27495
-7.06895	-8.29017
-4.29921	-10.6815
-3.07514	-8.59422
-6.36091	-6.23382
-4.77971	-7.13167
-5.03306	-6.35733
-2.21177	-7.52713
-1.64871	-7.10304
-3.31865	-5.46665
6.58236	-4.69365
3.40351	-6.49135
10.917	-3.04775
7.54807	-1.41381
3.98287	0.0463946
2.12987	-4.77778
-7.90082	-15.4693
-6.58342	-16.6847
-9.14453	-4.43862
-4.51751	-24.3845
-4.67974	-29.8703
-6.95915	-28.8128
-4.07296	-28.3836
-0.559077	-18.1639
1.69896	-22.8581
2.94896	-22.1439
4.13365	-22.7416
2.10126	-19.0042
3.03457	-20.0486
0.238782	-16.6393
-0.123537	-18.9413
5.24156	-14.6862
-0.877631	-10.3154
-1.46062	-4.51052
-6.6043	-2.69463
-9.69986	-3.53819
-11.9904	-5.82416
-1.55041	-3.2762
1.42359	-3.19011
-1.51135	-0.533462
-2.39538	-4.26112
-0.675068	-6.17069
-2.66844	-1.36244
-12.8916	-17.6237
-12.6363	-20.8671
-4.81214	-21.8243
-3.26515	-17.4613
-5.62033	-8.56684
-11.0825	-9.86463
-7.30506	-13.9372
-2.01956	-25.348
-7.09934	-27.2582
-5.95192	-27.6335
-8.83683	-21.8847
-2.82796	-22.3637
-1.3429	-13.4359
-5.77093	-5.16061
-15.4736	-8.25493
-12.5208	-2.43856
-14.514	-15.5446
-16.8652	-8.65033
-12.4172	-1.34585
-14.7017	-11.7963
-13.1284	-13.015
-7.36837	-17.8462
-9.33191	-10.7583
-4.81621	-15.2837
3.33432	-3.52439
-1.00961	-16.9726
-4.65111	-9.20219
3.13973	-14.5793
-0.318661	-14.2122
-1.1739	-11.6103
-1.22893	-10.627
6.49962	-9.85732
0.520138	-8.94801
4.28242	-11.3895
1.27793	-20.8736
9.13672	-12.5772
5.38388	-13.8758
8.30452	-20.8461
8.60968	-19.5637
2.85031	-17.8717
3.04664	-15.4893
1.15953	-13.6936
0.651593	-12.2961
-3.84877	-8.7775
0.558291	-14.7584
-2.71334	-10.8276
3.08605	-8.7451
7.13218	-4.40634
13.8989	-0.88918
13.2021	1.45975
-17.9743	-11.1352
-10.8472	-7.23475
-7.46591	4.59213
-8.71471	0.442463
-14.5786	-10.9908
-14.3617	3.47709
-12.6589	-9.82421
-14.9387	-6.60833
-16.0148	-7.05671
-8.34139	-5.4167
-8.06073	-6.79086
-6.73064	-5.08576
-6.84018	2.91128
1.72976	-12.7316
-2.48789	-3.07688
1.63606	-0.137204
0.901053	0.44275
7.67968	-4.91632
4.08287	0.96842
6.56755	1.0353
-1.5943	-5.62016
-0.368592	-2.91928
3.44051	-8.28068
8.87888	-7.47146
8.30173	-0.130306
3.81168	-6.53311
1.97582	-9.86063
-3.11648	-12.4017
-4.44415	-7.34704
8.73959	-6.69668
-1.6192	-5.45666
-0.248341	-5.26842
5.55257	-1.16651
3.59553	-2.97594
3.16361	-5.35671
0.703029	-4.37393
1.00997	-2.49525
1.36464	-21.5467
3.60466	-18.4681
-5.31506	-13.9759
-7.29655	-18.5407
-6.44305	-23.8623
-4.01744	-26.6212
-5.32993	-23.8953
-5.41979	-28.1698
-6.93368	-31.801
-8.48187	-34.6028
-8.05044	-33.3112
-3.17532	-33.8272
-1.27167	-29.9137
-0.220592	-26.8861
-3.8546	-18.8898
-5.58013	-12.7886
-3.9418	-12.5108
5.16668	-18.7326
2.58393	-18.9714
1.81561	-14.8415
4.09981	-15.7434
-0.769167	-11.0734
-13.0109	-3.69272
-7.22879	-11.4264
-14.234	-6.61192
-16.6312	-5.53561
-18.3276	-2.83003
-19.0923	-3.02348
-19.2909	-5.07573
-15.9539	-5.28665
-3.93506	-3.4388
-3.40131	-12.3112
0.35284	-13.4211
-1.69121	-11.7814
-0.34585	-12.3862
-5.4886	-7.84273
-6.97972	-8.68989
-9.20119	-14.1091
-12.671	-20.839
-0.925577	-7.06006
-10.3743	-7.83941
-16.8133	-7.06916
-18.5437	-4.73948
-18.3059	-4.89778
-17.0735	-5.98958
-14.6942	-2.01252
-4.47758	-9.86629
-2.08545	-16.0446
-1.52454	-15.0047
-7.89104	-21.5058
-5.447	-10.1978
-6.57961	-10.7183
-11.0187	-21.3246
-6.15955	-16.7689
-10.335	-12.609
-12.3409	-10.304
-10.2635	-10.9139
-12.5879	-9.68137
-12.8099	-9.02508
-12.7484	-6.65634
-11.4239	-8.38927
-6.7447	-15.6959
-8.95445	-15.1303
-7.44959	-18.0679
-5.27736	-18.5639
-5.06523	-18.0219
1.03102	-17.7246
3.89717	-15.1462
5.42555	-14.8743
4.88026	-15.5983
4.52704	-16.1068
3.90982	-15.8903
5.1737	-16.2193
7.3689	-17.8302
3.38148	-14.2121
4.70117	-16.7911
3.36198	-16.3565
2.15325	-16.7331
0.794243	-14.0872
-0.803229	-11.1299
-1.86543	-9.73214
-16.0744	-19.7465
-22.2277	-14.5227
-23.1349	-14.2685
-23.599	-11.7149
-24.1593	-9.96095
-24.8508	-10.2568
-26.888	-9.87273
-26.6958	-12.0825
-25.9304	-11.6198
-22.3661	-13.7776
-14.5385	-14.9167
-7.92598	-16.0363
-4.35999	-10.1419
-3.09251	-12.7472
2.13088	-7.6748
-0.760347	-7.71388
-0.0307717	-1.80267
5.11045	-7.81648
0.93509	-8.78312
2.39364	-17.1304
1.35374	-19.4298
2.20416	-24.1742
-1.94733	-25.6451
-4.96299	-23.7441
-8.12291	-20.9835
-10.3048	-18.8483
-16.3153	-15.7176
-17.3621	-10.7606
-15.4654	-9.90199
-14.6767	-10.9604
-17.1888	-10.3756
-12.8526	-13.9467
-16.5928	-10.0387
-16.6184	-11.8048
-16.7372	-9.56348
-17.5581	-7.38336
-16.4409	-8.19908
-14.9081	-6.77151
-15.641	-8.06402
-18.7143	-3.05866
-14.5814	-8.42625
-14.9334	-7.26659
-13.6256	-9.86425
-10.7162	-8.88379
-8.57395	-9.98998
-5.86262	-9.09279
-4.39969	-8.03205
-3.51337	-9.61468
-3.11663	-9.61708
-2.28856	-11.7047
2.23227	-15.6249
4.67655	-18.4861
6.29332	-18.912
7.97037	-24.3126
7.771	-22.6564
3.81161	-21.1838
5.2007	-23.0799
4.64092	-23.0864
2.46544	-16.291
-1.50338	-11.3644
0.996224	-14.3498
8.4604	-11.4273
6.79585	-3.89172
1.20791	2.62933
-2.98929	-3.76054
-5.73986	-1.39416
-10.5135	-2.56224
-11.7723	-10.2534
-8.55652	-12.9534
-6.12807	-17.0932
-6.57725	-9.59144
-3.01461	-10.7393
-1.4526	-9.39917
4.86521	-9.70508
-10.0264	-21.389
2.28886	-34.9364
0.0137425	-33.4977
-2.73128	-29.279
-3.16592	-28.9645
0.0837069	-29.4406
-10.0274	-19.0812
0.370105	-25.3959
-9.42685	-24.5029
-3.14563	-20.6493
4.58599	-10.8129
0.194156	-7.84311
-9.04096	-9.51519
-13.1809	-9.94358
-9.85602	-6.73881
-9.44296	-5.04405
1.2086	-4.60981
8.16757	4.5482
-0.0675425	-16.2468
-2.07676	-8.45296
-2.45802	-9.6104
-1.19653	-13.6207
-4.61333	-12.5941
-11.9174	-7.58704
-1.17947	-16.3994
10.4582	-17.4349
2.2538	-22.3799
-14.4159	-5.63901
-8.58896	-10.4899
-8.17871	-12.8057
-6.02749	-12.314
-3.88004	-11.4469
-4.25169	-8.85583
-6.46552	-5.6534
-10.0841	-2.33179
-11.1504	-13.992
-3.89067	-14.9665
-3.62928	-22.3661
0.0654116	-17.2383
3.8832	-4.15849
1.70754	-3.71513
-11.0224	-14.8737
-8.14543	-9.72828
-8.43078	-14.0846
-7.98281	-14.75
-9.6176	-10.3625
-10.1695	-13.2803
-7.19969	-21.9214
-5.08598	-15.3962
-1.24244	-10.7464
3.02022	-17.1877
0.332685	-26.3852
-1.98414	-29.6632
-2.6497	-26.1857
0.453953	-26.2202
8.94465	-19.4562
5.07059	-10.0879
-0.508833	-11.1352
1.89655	-12.0967
2.7504	-2.22807
-0.364178	-4.29153
1.97651	-4.2533
-0.492849	-13.3459
1.70219	-2.44262
-19.1227	-4.7926
-17.4136	3.01148
-9.68723	-3.37566
-22.9851	-12.8451
-4.93633	-8.75418
-2.70267	-0.147271
-1.2062	-16.3898
-15.9257	-16.0395
-13.307	-20.8668
-13.915	-18.2732
-12.7609	-18.3951
-7.94366	-19.9826
-3.67551	-22.6174
-6.15088	-17.1698
-6.259	-19.7699
-4.1054	-22.759
-2.59065	-18.3478
5.73136	-13.1082
6.31676	-2.59163
6.0004	-5.31375
-22.784	-19.2787
-17.9706	-11.3776
-4.57893	-16.8138
-1.6742	-11.4088
2.60407	-8.56533
4.43241	-5.43999
10.1719	-6.4302
1.5827	-7.8985
-6.02598	-16.3782
-10.708	-11.8029
-7.27759	-17.111
-8.90696	-17.8624
-13.8353	-12.6287
-15.9041	-9.34715
-18.0538	-6.45248
-22.6321	-5.25766
-22.2655	-10.2076
-21.5474	-12.9758
-22.1193	-18.536
-16.8627	-18.7665
-17.3341	-16.501
-8.40411	-18.1611
-11.8507	-14.734
-8.71869	-22.1173
-2.2702	-22.3812
1.36282	-17.8858
2.03309	-0.504135
2.23188	-4.63103
-1.26641	-11.243
2.05814	-12.2647
3.73647	-2.61271
2.33427	-14.3933
0.508211	-12.3882
-5.12778	-9.5694
-0.0500682	-10.0723
0.33123	-6.70525
-1.92457	-10.3377
6.54181	-1.83117
-0.283329	-10.0708
0.418243	-8.29349
5.21674	-3.24944
0.763868	-4.02559
0.257894	-1.06243
2.36053	-7.0097
-2.60455	-3.497
0.525821	-4.05787
4.83422	-4.55795
1.76995	-6.21926
1.55115	-5.42527
1.80139	-5.84091
-1.69615	-9.54724
-8.25108	-12.4986
-1.48832	-1.01233
-5.29077	-13.9358
-6.00145	-8.11989
-8.68238	-5.20952
-11.4187	-3.36716
-13.109	-1.80172
-3.57753	-13.7405
-10.113	-5.59025
-12.9383	-5.10236
-14.7651	-5.74263
-16.4568	-4.42606
-16.7997	-6.64004
-16.7135	-7.47333
-15.9387	-7.44368
-14.6336	-8.85444
-14.711	-8.5108
-13.262	-7.21711
-14.4239	-5.65145
-12.5521	-5.33515
-9.90854	-6.67223
-6.80643	-8.2587
-4.32849	-12.6318
-2.37273	-15.9338
-1.35913	-15.9164
7.97187	-23.6282
-2.20279	-20.2732
-2.11834	-14.6655
-3.87715	-17.9323
-0.550708	-11.4612
0.962213	-12.9902
-7.66604	-6.75127
-13.0914	-8.10989
-21.0755	-7.23284
-20.1005	-5.14169
-11.7386	-2.9906
-10.3176	0.117157
-7.86937	-8.7787
-9.15544	-8.53349
-13.097	-10.6332
-9.50477	-7.59523
-9.11749	-0.768222
-9.96326	0.520562
-8.38634	-0.757035
-7.67863	-4.38721
-11.8989	-0.464853
-9.60438	-4.43357
-9.24337	-2.05635
-8.61143	1.26441
-9.85667	-1.70755
-7.24055	-2.12406
-7.19406	-5.67658
-3.78464	-4.73482
-0.628705	-4.90123
2.19595	-11.1463
0.172002	-9.59759
4.256	-13.6725
1.94128	-17.8586
1.72857	-21.8068
-2.24531	-22.6884
-0.943457	-28.8465
0.653276	-34.8401
-0.115993	-36.855
-1.77613	-36.3198
-0.422127	-38.621
-1.27162	-38.3818
-1.33784	-36.5084
-0.914281	-37.0467
-0.674178	-35.4046
-1.44052	-34.4993
-1.73805	-33.8315
-3.43881	-32.466
-4.92288	-33.559
-4.66163	-33.5079
-4.37677	-35.8343
-2.71376	-35.3129
-0.681781	-33.708
-4.04813	-30.6616
-6.79853	-21.1662
-13.3503	-13.6827
-13.5395	-14.144
-18.6387	-9.8331
-21.7252	-10.7642
-20.3548	-15.8441
-25.9388	-10.6101
-28.1452	-12.1961
-21.8299	-19.2969
-26.5266	-13.5916
-27.6251	-15.7238
-27.036	-15.9693
-21.4816	-16.7641
-10.0412	-11.8005
-4.19416	-13.6008
4.25037	1.75848
5.52384	-7.67271
8.90428	0.608603
0.95728	-3.79673
-8.58553	1.2847
-12.1363	-8.15031
-9.95801	-4.49451
-13.6414	-9.82256
-12.5801	-6.03057
-13.3233	-8.09063
-8.84465	-6.92334
-6.47188	-4.96671
-0.285099	-8.25127
-3.85913	-8.93201
-7.07338	-6.86942
-3.14384	-11.0759
-2.91267	-13.4544
-2.80666	-13.4598
-1.14191	-14.7415
-0.347486	-18.5926
0.0488742	-18.2645
-0.206631	-27.2236
-1.45105	-23.3826
-5.23894	-17.492
-5.0689	-16.5302
-1.94701	-16.2512
-0.11734	-19.7992
5.65106	-10.2407
-0.196347	-7.02686
-3.29482	-13.6967
-2.57811	-17.6012
-11.9953	-13.9208
-24.8246	-17.9328
-14.6982	-10.4416
-11.2809	-4.96698
-12.7468	-9.30459
-4.33584	0.340733
-8.78017	-12.3034
-13.641	-12.2641
-13.2016	-12.2494
-3.00584	-17.7952
1.29053	-23.2477
0.966264	-23.6957
0.235092	-22.0313
3.74606	-26.5498
2.77611	-25.6489
1.5518	-22.9576
-0.480822	-19.2763
-4.07722	-19.3703
0.0209787	-27.1167
-1.51617	-28.7435
-0.76967	-29.5179
-1.92066	-27.0075
0.950369	-26.4553
-2.56601	-26.0739
-2.7912	-25.7875
0.619625	-24.4153
-1.01185	-26.7015
3.96034	-24.311
5.43826	-20.5943
5.34941	-23.891
7.99433	-9.3485
4.81685	-19.1773
7.7527	-12.8848
6.46361	-13.1044
2.39686	-12.9815
6.5326	-13.0898
-4.63428	-15.1689
0.446665	-6.44659
-2.97195	-6.3592
1.67864	-6.34205
6.47057	-13.6475
0.829543	-2.7048
2.77996	-5.3054
2.17526	-4.14704
5.73783	-1.92486
3.27427	-9.76582
-0.570376	-0.185143
0.940094	-1.30904
-1.40433	-6.43029
-2.73744	-3.61218
4.10082	-2.57443
4.84402	-7.27894
2.80646	-11.5592
-1.313	-2.46845
2.34116	-4.52965
9.55469	-4.31286
8.21251	-2.09312
-3.57964	-20.1242
3.13484	-20.3956
-2.65343	-17.8116
-0.0354658	-18.5545
4.76131	-17.9541
4.3013	-17.6118
-0.298927	-20.6337
-6.64368	-18.3092
-12.3702	-14.109
-12.598	-12.5885
-12.5185	-14.6425
-11.7167	-15.0443
-6.92582	-16.9442
-2.23108	-16.24
-3.14973	-13.3917
-0.119822	-14.4602
1.14243	-20.4448
-0.0924493	-23.9211
2.15919	-32.7412
-0.617534	-34.4072
-1.24865	-32.9709
0.0570079	-28.4112
2.66213	-28.0829
-0.502446	-18.5623
1.27478	-12.9813
0.572873	-9.77363
8.71044	-4.72301
11.5952	-2.44453
10.4729	-3.62969
3.46913	-2.93935
6.18228	-5.81337
4.71283	-5.47293
-3.62345	-12.5252
-8.25867	-12.2524
-8.55573	-11.0425
-9.20645	-8.20698
-10.9717	-5.74228
-9.91037	-6.44956
-3.88405	-12.2642
-2.59215	-16.3692
4.91329	-13.3019
8.16533	-7.68809
-4.36706	-8.613
-10.4261	-12.3966
-13.5741	-16.536
-15.7559	-12.0039
-10.3399	-10.8802
-12.0072	-3.34256
-10.1256	-4.28681
-15.2317	-7.71168
-11.3776	-9.22949
-7.5512	-17.4632
-2.95397	-12.4564
5.00891	-16.8851
1.4011	-28.2728
-0.35714	-31.4638
-4.69249	-24.7352
-6.73377	-23.1719
-9.58188	-22.1577
-10.9189	-21.1298
-11.2882	-19.5553
-11.8	-17.9434
-12.3231	-17.0104
-13.1725	-15.2403
-11.2924	-14.555
-12.5425	-13.6324
-12.5658	-12.9116
-10.2617	-14.1932
-11.6436	-12.2968
-9.81851	-14.4316
-12.3579	-10.6924
-14.8871	-8.77149
-14.9661	-10.3271
-16.7155	-7.04775
-18.3753	-6.25195
-16.7445	-7.52228
-16.2638	-11.1308
-16.154	-9.90345
-15.9876	-10.3953
-16.8436	-6.93977
-14.3978	-7.34466
-8.4381	-12.8547
-4.44599	-19.5962
-6.09683	-11.495
-2.39601	-11.6949
2.70421	-10.9346
-5.7799	-9.73062
-6.3653	-3.79231
-4.85753	1.1387
-12.7654	0.250153
-13.8683	-1.40452
-16.5609	0.518119
-7.43736	-6.66764
-9.3315	1.19304
-9.80946	-3.11144
-9.40325	-0.665872
-8.80764	-4.76076
-4.54769	-10.0728
-5.65207	-7.95591
-2.93286	-7.08198
-8.83166	-10.4972
-7.5172	-11.8586
-6.40471	-11.8468
-5.27752	-15.177
-2.20855	-17.5696
6.67478	-18.8672
7.79221	-22.3108
6.385	-23.3881
8.32721	-25.6705
6.43386	-25.307
6.00438	-25.3868
5.98851	-27.3468
5.2115	-28.0802
5.57994	-29.0705
5.76488	-29.4775
4.12643	-33.917
0.677327	-32.9157
4.27731	-34.2902
5.44325	-26.4512
0.686882	-19.985
-1.13968	-23.1541
-3.06229	-29.6835
-3.27665	-32.5707
-4.32054	-34.357
-2.65966	-38.3932
-1.24768	-37.7859
0.367083	-37.5032
4.84486	-38.3648
5.81172	-40.4995
3.55402	-25.9663
3.6383	-19.9286
7.24226	-15.6774
7.66129	-17.7529
-2.7376	-21.5265
-9.8206	-15.0411
-12.136	-6.68921
-17.796	-0.835795
-16.9572	-8.3836
-6.31464	-15.4121
-1.24778	-11.1312
-6.57286	-9.47964
1.78845	-3.86893
-1.46499	-14.6966
-5.3527	-17.1459
-11.0924	-12.0742
-13.5806	-11.4894
-9.19484	-15.8815
-6.87763	-19.9905
-7.96147	-19.5446
-6.93589	-18.4034
-0.130909	-9.39881
-1.22504	-9.55046
4.17337	-5.60639
-3.61182	-10.3711
-2.92786	-12.6085
-5.55953	-14.2289
-9.3656	-21.483
-2.85036	-11.7557
-0.72644	-13.6337
-3.75693	-21.5345
1.37378	-26.9605
2.4377	-25.8496
0.753086	-22.499
3.3453	-20.2424
2.76548	-29.0034
4.31672	-27.2924
5.54479	-26.7753
3.56094	-25.3606
5.22697	-25.4527
4.43194	-26.9876
0.143589	-23.0477
-6.56469	-16.4748
-11.7315	-16.8705
-13.8441	-14.5539
-14.7463	-17.1976
-14.8196	-20.199
-12.1001	-22.7341
-6.35051	-24.4093
-2.56558	-22.4896
-1.75743	-20.4899
-0.459513	-18.6142
0.560507	-20.7842
-1.06781	-19.5009
0.420384	-19.493
10.8028	-19.9969
8.3897	-25.9122
7.59561	-24.1537
8.96915	-24.6182
10.679	-24.3256
9.02502	-22.5672
7.37015	-19.1277
0.674268	-15.8594
-3.38548	-12.7681
-3.4975	-12.3618
-5.04476	-10.7559
-4.23425	-10.8364
-4.45551	-8.60895
-5.58453	-9.67527
-1.60074	-16.2415
7.05185	-15.8852
10.3337	-16.7091
6.41271	-16.2044
4.164	-10.6762
-0.19235	-9.91576
3.09345	-12.5902
3.23774	-11.9204
5.45151	-3.0868
4.09803	-1.37192
-1.54134	-5.14027
0.732305	-5.61097
0.815468	-12.1549
15.1467	-5.1931
4.18315	-10.1226
4.92812	-8.47875
3.49663	-15.4233
0.574965	-22.5384
2.27004	-28.3769
-5.30675	-23.8235
-7.11706	-25.4716
-8.18085	-23.4097
-8.15374	-21.8424
-7.06486	-20.7042
-5.12764	-17.8088
-2.30996	-22.3897
-3.16125	-14.3906
-0.854138	-12.1646
-1.94993	-17.0353
-3.66333	-2.79275
-2.01833	-5.57903
0.463799	-6.63798
0.0940226	-5.14958
4.71867	-6.05367
0.467582	-6.19789
7.9409	-11.7701
-0.610529	-9.22133
-9.04344	-7.68297
-13.4034	-6.24924
-14.1119	-6.16875
-12.4847	-8.71914
-9.08615	-12.7447
-9.86938	-11.8288
-9.95657	-10.2119
-14.9802	-4.64748
-12.2409	-7.41141
-6.54121	-9.13332
-3.85926	-1.8164
-8.15458	-1.0932
-13.893	-8.13729
-15.8741	-4.76464
-17.29	4.06704
-17.7838	3.75448
-13.1908	3.21278
-20.766	-3.23134
-14.5289	0.018219
-10.2733	-0.733417
-11.2829	-3.81235
-2.16647	-8.98501
-12.8548	-10.9042
-14.9082	-10.11
-16.8784	-7.81087
-11.661	-13.6775
-12.5699	-14.5983
-11.1969	-15.0042
-15.9122	-11.3176
-20.886	-5.7397
-22.3868	-7.35913
-23.1137	-8.30332
-13.1544	-6.9948
-2.7279	-13.2386
-0.666566	-11.1227
-3.11708	-12.6052
-7.72215	-17.3786
-1.11433	-17.6415
-1.98338	-10.6727
1.48206	-5.28244
-6.65585	-24.5277
-17.318	-20.8335
-14.0071	-22.2568
-10.4252	-24.3992
-8.58481	-22.9753
-4.17688	-22.9094
-3.34077	-22.243
-3.73306	-20.5028
-1.04694	-20.3295
-0.72436	-19.4029
-1.29178	-17.3661
0.918944	-18.842
-0.45679	-17.1803
-1.10171	-16.961
-2.14593	-12.7299
-5.62856	-4.62676
-6.2572	-15.1014
-6.19572	-16.9929
-3.89841	-20.9503
-2.87089	-21.8143
-2.83407	-19.1796
0.417617	-25.1581
1.77826	-28.4221
1.64099	-28.3416
0.709841	-27.9585
0.0174297	-26.4604
-0.516831	-26.8862
-1.6409	-26.9093
-0.608514	-27.7542
-10.3772	-26.1871
-6.92691	-31.7213
-3.21934	-30.936
-8.7939	-25.6281
-7.14943	-24.1035
-4.71614	-25.3875
-1.05088	-25.9746
1.79955	-23.3408
0.40236	-25.1774
2.19123	-25.4802
3.84655	-21.934
1.89704	-12.7515
-1.08689	-7.94455
-3.99146	-6.77245
-5.68704	-7.50444
-8.21352	-5.15598
-12.5457	-1.24832
-6.30215	-8.54735
-10.59	0.0565658
-9.03841	-6.76571
-7.50717	-4.38687
-9.38478	-8.62127
-7.87433	-2.03419
2.85888	-5.83977
4.7549	1.86106
1.47465	-4.89739
-0.595243	-6.42594
4.32026	-10.5852
3.0428	-9.71692
-3.41703	-10.1932
-4.13819	-2.59862
-3.25507	-14.1139
-2.95032	-9.70333
-9.04636	-1.03184
-8.60989	2.70812
-9.36776	-6.2513
-16.7217	-7.53384
-17.7442	-6.72866
-19.5248	-5.46912
-14.3758	-6.78948
-6.01077	-7.78292
5.18654	-18.5809
6.99611	-18.2157
7.9165	-15.8088
10.2631	-19.1686
9.02443	-15.3915
-2.08409	-17.2787
-2.99662	-10.9767
-0.585357	-11.0592
-3.95626	-9.36949
-2.22344	-11.8536
0.40051	-13.8917
-1.16511	-12.2687
-3.17188	-9.09559
-4.62142	-7.12745
-4.23809	-9.01831
-3.37234	-9.94172
-4.83098	-7.89925
-4.58044	-8.14128
-6.66002	-7.75053
-4.07812	-10.3812
3.36652	-6.47429
-0.84603	-11.7756
-2.18969	-14.1817
5.64336	-8.5948
5.99993	-5.75781
-0.184073	-5.19835
-1.35484	7.0392
4.33157	5.181
-7.63753	-11.4545
-9.47848	-11.2513
-16.2704	-5.46181
-15.8951	-3.05766
-13.6454	-6.61539
-10.5162	-9.94786
-11.0933	-11.2878
-11.0798	-14.4572
-14.2459	-12.7195
-12.4429	-12.0518
-10.3091	-11.8404
-6.82661	-16.0975
-5.67998	-24.3565
-4.30114	-30.0296
-3.05603	-31.7775
-1.59145	-16.4545
2.09551	-20.3296
3.62785	-23.6388
1.45326	-23.027
-0.340374	-22.4671
0.359268	-17.4068
-0.295011	-14.5819
1.3016	-15.9483
4.82639	-5.96739
-9.34006	-13.5296
-12.6149	-13.1139
-10.07	-8.25093
-6.72962	-11.397
-8.20286	-8.53772
-12.2077	-7.0394
-3.21482	-13.9904
0.399765	-4.94007
3.55513	-4.4502
1.76046	-8.17172
4.04422	-7.55972
3.22606	-7.07055
4.46605	-9.62823
5.44817	-22.606
3.05628	-28.9024
-1.45585	-28.5511
0.617263	-35.4988
0.0657812	-35.0745
0.0332387	-35.3788
3.3487	-29.416
0.441287	-18.9083
0.721725	-23.0543
-1.62276	-25.3452
-4.43631	-23.7203
-5.98125	-19.8535
-8.14537	-15.8293
-8.43463	-14.1423
-8.80131	-13.4108
-9.43766	-12.8298
-9.4638	-14.8566
-8.11367	-16.6822
-9.94744	-13.3443
-15.2942	-7.43936
-15.0871	-8.33171
-11.6382	-11.2638
-2.64091	-13.4906
0.955312	-5.9909
2.59559	-11.1297
-6.04734	-18.9372
-4.55233	-17.2636
-6.37643	-12.0062
-8.56269	-10.9388
-11.3138	-9.58132
-3.03912	-7.78959
-13.0716	-12.1287
-14.2614	-10.5178
-9.48818	-13.8774
-8.05346	-16.5682
-6.39844	-10.8627
-4.41655	-8.16156
-7.32415	-11.4381
-8.83871	-9.8217
1.8499	-6.45658
-0.0716079	-7.48227
-2.69413	-7.25083
-10.257	-15.5497
-6.73598	-16.1095
-6.6011	-18.0571
-8.88305	-17.7189
-2.90815	-12.9071
-3.27021	-14.4536
-5.69859	-12.0039
-7.43122	-10.8932
-8.3617	-9.33617
2.53398	-13.911
9.51163	-19.3496
11.7206	-19.2615
9.86561	-16.8629
8.32786	-15.7267
1.22653	-14.06
-5.91815	-14.828
-13.0577	-5.46153
-11.2303	-4.42593
-9.4879	-4.40276
-7.87483	-7.30997
-7.34814	-9.50705
-6.31866	-12.9228
-4.07063	-18.3533
-3.64156	-19.0675
4.87314	-13.0272
-1.29975	-7.92544
-1.58128	-9.37986
1.18984	-3.36223
-4.61581	-6.1002
-5.03589	-5.74274
-5.81532	-16.3693
-12.8468	-24.4233
-0.883431	-28.306
-7.00521	-28.2974
-4.07787	-32.2811
-4.87632	-28.7985
-1.67938	-29.4573
6.10683	-31.6317
4.77365	-24.6826
5.50244	-18.6397
1.33265	-16.6404
-0.13101	-15.8588
5.77322	-15.3629
5.24259	-15.9586
4.77695	-13.6277
5.03496	-14.993
6.12053	-17.288
5.21777	-15.6553
7.48773	-10.4769
1.64132	-13.5548
0.0513706	-16.3735
-0.760918	-23.8894
0.0728493	-27.0061
-3.17021	-21.3185
-5.22333	-16.2666
-6.48483	-13.9351
-9.65001	-10.9939
-8.06599	-6.55459
0.660836	-9.23867
7.6647	-10.8257
4.00061	-16.3339
-3.80002	-16.7575
-4.39541	-13.0098
-2.89665	-10.3311
-6.12821	-14.8437
-9.3701	-11.8483
-7.05647	-9.6034
1.58404	-8.54684
3.82245	4.1736
-7.26392	-11.1167
-2.87518	-4.25276
-11.544	-12.5988
-10.929	-10.7034
-2.96268	-11.5393
5.53818	-15.6354
7.76713	-18.708
8.96853	-19.4771
8.61324	-18.6612
8.55613	-19.7533
8.17663	-16.9634
9.84958	-19.1831
8.80722	-18.267
9.37659	-19.8039
9.28742	-21.1262
9.58588	-25.3497
10.8737	-25.2881
6.4934	-16.8691
-4.83051	-14.2995
-7.28113	-14.9264
-7.02123	-16.0374
-4.63087	-18.2007
-3.70221	-18.0762
-3.15835	-17.6991
-8.02803	-11.7326
-7.72221	-13.8764
-8.78691	-14.0362
-4.05139	-16.153
-2.54693	-20.0354
-1.46056	-22.986
-4.36526	-21.7541
-7.97649	-20.0182
-10.5378	-16.6807
-10.4195	-17.5645
-8.25028	-17.933
-10.702	-11.5306
-13.5342	-5.53365
-10.2753	-9.40296
-8.04404	-3.33405
-6.21617	-6.51364
-12.6892	6.25147
-19.974	1.82925
-9.72782	0.0792687
-12.0875	-6.03364
-14.6954	-0.767239
-19.5992	-5.97346
-13.5785	-5.89592
-4.03882	-2.62352
-10.0962	-7.26666
-19.008	-4.97768
-16.347	-4.46335
-15.3621	-4.31824
-12.3856	-7.45091
-13.9151	-5.24948
-14.8286	-8.85465
-8.00097	-14.1019
5.24492	-15.6181
6.49624	-12.2146
6.2737	-7.53697
-7.67309	-3.01171
-11.6529	-10.4451
-10.5006	-7.60502
-9.63698	-11.6513
-10.1573	-12.0366
-9.12855	-8.72448
-7.81217	-6.66152
-5.03341	-7.16895
-0.656734	-7.66191
1.01302	-6.53802
1.76399	-7.05711
2.57559	-7.31707
3.21871	-8.27051
6.14409	-11.4626
7.33979	-15.3276
2.07739	-14.3005
5.45306	-18.4508
1.83953	-17.6582
6.20639	-20.9753
4.86405	-9.37228
6.89922	-18.6948
1.02964	-11.9571
3.26586	-18.3559
2.14784	-16.7722
-0.483466	-16.3786
0.921555	-12.7449
0.340353	-13.0007
9.86565	-8.86075
10.3986	0.167371
11.7938	4.76507
4.76086	-2.47405
4.31969	0.602854
1.51985	5.37313
0.212029	-2.80701
7.27773	-1.36665
2.12684	0.789318
0.901579	-3.60894
1.24918	-8.49983
-0.389024	-2.97746
-0.710192	-6.44149
0.3874	-8.28399
2.67159	-1.93952
3.0669	-2.71582
-3.88165	-2.49695
2.69804	-1.657
1.90332	-7.51417
-1.748	0.164006
4.82245	-1.9241
3.60893	-9.85402
6.15997	2.50446
4.44191	4.79558
3.30923	4.40058
5.80709	-4.42296
-11.3534	-21.6578
-13.9283	-26.6845
-11.4817	-32.306
-10.1286	-27.6139
-9.13371	-23.842
-2.08915	-19.7172
-1.69455	-18.6983
-1.9825	-17.542
-0.652149	-15.1192
0.65483	-13.2868
1.14763	-14.7533
0.328075	-15.2249
0.0846957	-13.7148
-0.438415	-13.6369
-0.506357	-13.3146
-1.99834	-15.9389
-6.09471	-19.1635
-10.3449	-18.1903
-12.9773	-9.95656
-14.4951	-2.44485
-11.1647	-2.08439
-10.775	-2.45812
-2.29756	-6.03863
2.66235	-2.51195
-7.50723	-8.22379
-10.1141	-0.379794
-3.90734	-2.36821
-10.2482	-4.73082
-12.1164	-7.69262
-9.49487	-16.3483
-8.83132	-13.9621
-7.97441	-10.9022
-1.15214	-22.7901
-3.90797	-21.6676
-9.85052	-14.7514
-5.27311	-18.3749
-5.12831	-22.9989
-6.41938	-25.6098
-7.15111	-30.0822
-9.16651	-32.0106
-10.2906	-33.8808
-12.2354	-30.6826
-11.3768	-32.2414
-4.39058	-17.4927
-3.85298	-17.4152
-4.75789	-19.6403
-3.15107	-21.4481
-3.01432	-21.4011
0.474801	-19.1699
3.4358	-17.3227
1.86206	-18.1519
2.30424	-19.1646
1.40038	-9.48642
1.45851	-30.3243
-3.049	-21.4514
-5.05069	-23.2517
-5.58496	-20.2319
-4.01406	-17.6602
-4.56119	-18.2545
-6.66366	-18.164
-9.78416	-16.8294
-10.0144	-16.0691
-8.3535	-13.2008
-7.72369	-13.189
-6.56894	-15.3766
-3.7941	-19.1109
-3.07873	-16.9767
-3.28585	-12.3012
-0.300151	-10.5075
-0.641386	-15.6307
0.25761	-5.9926
-9.6657	-4.46977
-23.2739	-4.83643
-10.9493	-6.53856
-7.48449	-10.8723
0.253379	-1.22322
-4.57939	-1.67439
-9.19109	-12.1017
-6.83059	-19.7616
-1.65818	-14.3754
-1.42933	-15.2283
-3.35575	-16.4694
-6.50947	-17.7792
-6.56215	-19.0352
-8.5627	-15.3926
-9.49073	-11.6856
-8.09747	-10.6942
-5.4457	-12.5752
0.838927	-19.91
4.70714	-25.7405
4.12164	-23.8502
7.30087	-26.1597
10.3141	-26.5172
11.6203	-26.2953
8.03621	-22.3413
-6.41472	-10.164
-0.649189	-14.7167
-2.6198	-12.115
-1.79181	-12.0142
-1.40525	-12.0457
-2.66843	-12.4084
-2.28233	-12.2305
-2.9718	-13.8082
4.86691	-4.18065
-8.40307	-1.48346
-13.1042	-3.74324
-13.7109	0.0131834
-6.71269	-3.50797
-7.98028	-4.77782
-6.69963	-9.24504
-6.46825	-8.38642
-8.48948	-18.3984
-4.61393	-17.5432
5.48418	-10.348
-0.437417	-23.2181
-1.70585	-22.0668
0.679637	-24.9007
-1.43298	-23.0517
-1.56166	-21.7446
-4.28055	-18.6707
-5.14332	-17.3058
-6.57529	-16.5792
-7.42862	-14.9127
-6.08332	-15.2569
-4.86585	-16.3337
-4.77058	-15.5214
-6.87305	-12.7254
-8.55584	-10.5566
-12.1951	-5.29245
-13.335	-7.06553
-10.4491	-12.9776
-0.694491	-25.4244
4.38181	-22.0124
2.94029	-21.5037
-6.92682	-14.3441
-8.62846	-11.2462
-3.96407	-11.0255
-8.46651	-9.69671
-10.6134	-12.8396
-5.87619	-16.7347
-3.71772	-17.8401
-7.47429	-15.8647
-3.94539	-14.0883
-3.86367	-15.9269
-3.12133	-18.9526
5.32515	-20.9998
3.8977	-20.8458
-1.55222	-20.4428
2.26113	-19.1781
9.61769	-16.5823
0.889373	-19.5422
5.61422	-25.435
0.104047	-20.7046
-0.0203199	-27.88
-3.07893	-23.1349
-3.85312	-27.9351
-6.06239	-25.073
-6.19603	-27.2314
-4.57489	-27.4392
-6.36721	-27.0857
-7.74072	-24.9097
-3.73497	-26.3176
-2.96362	-29.3392
-1.99353	-27.9976
-1.45616	-25.1402
0.409089	-24.2711
-0.16309	-26.8424
1.42926	-17.8426
4.01521	-16.7741
6.63326	-17.0446
8.3499	-13.8566
15.1913	-7.18698
8.44829	-13.7244
8.82165	-3.21919
4.00155	-5.9394
4.34008	-3.24218
2.34211	-5.57424
4.06412	-4.73983
2.20126	-4.67613
2.64126	-8.08814
-2.28517	-6.34308
4.65918	-7.11363
2.36739	-7.52291
5.57101	0.423854
1.57452	-7.98361
0.0608803	-1.4439
2.89093	-5.48375
2.96201	-2.87979
3.46293	-1.71216
3.79695	-5.82874
1.89467	-2.98011
4.42199	3.09571
1.9552	-7.08371
1.53409	0.320899
2.08621	-7.40876
5.83433	-3.7827
-2.0402	-20.8502
-6.31573	-34.3824
-0.505359	-23.4054
7.49553	-20.3614
0.887731	-21.9255
-5.61085	-26.109
-3.72634	-30.4191
-5.05573	-34.0311
-2.75547	-29.6451
-4.41466	-12.9817
1.67551	-8.05616
-3.47243	-5.17462
-10.717	-4.08989
-12.646	-7.76328
-8.95769	-5.55872
-11.6778	-4.19802
-6.43802	-12.121
0.914393	-8.74438
-3.15924	-13.0068
-5.00867	-17.4611
-5.9375	-18.1052
-4.10279	-18.3335
-3.90066	-17.8488
0.668865	-23.5496
1.80761	-26.0909
1.63188	-28.1145
1.93049	-24.8127
-2.89887	-18.2438
-2.47394	-16.3007
-2.13463	-17.886
-4.14467	-15.7325
-1.85234	-15.7591
-5.06949	-13.7523
-4.46241	-13.3435
-1.42981	-18.7682
-2.66097	-15.9129
0.686626	-21.2696
1.77338	-31.3343
6.72676	-31.2773
9.41437	-32.9015
7.91565	-34.6998
3.84556	-30.0049
-0.810575	-27.7259
-4.03298	-23.4114
-7.30775	-21.014
-9.72438	-17.8993
-12.445	-15.7805
-12.56	-14.0025
-13.6948	-11.5265
-11.4053	-9.48249
-9.4443	-6.10746
-4.19981	-8.94418
1.79878	-16.3305
0.430669	-15.4604
2.08592	-3.81571
0.471156	-7.91852
-3.18957	-18.0098
-5.15356	-15.0705
-8.74607	-14.6382
-7.32611	-17.0217
-6.44906	-19.3939
-5.70698	-21.194
-6.02626	-24.0413
-3.97054	-27.664
-2.24093	-28.7973
1.37171	-25.1469
-1.13714	-25.3021
-2.49842	-25.8234
-5.55928	-23.3611
-3.37193	-27.9235
-2.20035	-25.5234
-2.61044	-17.0852
0.128546	-16.235
8.76781	-12.4086
4.79825	-4.91488
-1.23559	-18.907
2.67197	-12.3154
0.778343	-14.6154
4.64272	-26.8027
-1.70526	-30.7733
-5.99234	-26.4633
-2.7467	-24.3937
-0.710783	-22.3577
1.8392	-18.51
1.99071	-26.9574
4.16468	-24.7452
6.04159	-25.6702
7.65062	-23.8455
9.27818	-24.2547
8.67813	-24.3608
9.94368	-25.0686
9.39982	-23.0679
3.61104	-16.3083
-0.732392	-15.5535
-1.01226	-14.519
-0.270831	-20.3062
-0.726607	-21.3015
-1.87485	-23.8168
-5.19817	-25.4947
-5.24936	-28.6684
-6.52831	-30.2881
-7.7635	-32.3899
-3.47244	-33.8294
-3.63063	-31.4562
-3.5163	-29.2259
-4.9261	-27.5317
-5.60855	-28.6979
-7.49574	-31.3493
-6.57367	-30.8531
-6.76252	-31.8131
-7.10054	-32.3421
-5.57506	-33.8062
-3.55769	-34.0957
-3.53779	-30.6221
-2.95807	-27.1673
-1.94011	-26.1458
-0.907587	-23.1242
-1.65919	-18.1375
4.75554	-17.212
10.0688	-18.9765
7.01228	-12.3646
4.04397	-8.31178
5.61785	-12.5856
3.97563	-12.1755
9.63812	-16.8258
2.216	-13.6131
9.18166	-15.7371
6.9797	-11.0796
7.65786	-3.90693
6.05366	-13.9321
7.39731	-10.7964
4.2917	-9.44058
-1.89561	-7.89295
-0.753984	-5.38561
0.0511304	-15.98
3.3509	-10.5287
-8.43331	-8.2622
-12.3262	-8.61796
-8.16954	-13.1729
-5.78302	-15.6989
-8.44171	-14.0391
-7.63451	-17.7589
-5.92068	-21.7801
-4.88259	-20.5817
-1.26308	-11.9249
-6.52668	-9.60294
-8.20606	-9.88493
-4.37306	-9.98449
-4.32913	-15.9562
-5.67276	-11.6594
-6.83629	-10.0367
-19.6954	-3.67963
-16.7379	6.07089
-17.3261	-3.85611
-11.5549	-10.3761
-5.66162	-8.36634
-8.4139	-12.6157
-6.10995	-14.5436
-4.37984	-12.0834
2.25882	-3.65094
1.95231	-1.07442
4.18854	-7.82442
0.914712	-1.66377
4.09066	7.6007
0.153536	-7.01148
-14.29	-15.5198
-18.3381	-13.543
-15.8753	-14.3496
-13.3967	-13.8278
-14.089	-9.75489
-7.43074	-17.2898
-6.26143	-9.37971
-7.40756	-1.34333
-11.0736	-6.47565
-15.8775	-0.566795
-15.7617	-4.79728
-18.9448	-5.9181
-13.0685	-7.84137
-16.8005	-9.85098
-17.6692	-9.72774
-7.9197	-15.0491
3.8966	-20.3358
1.57543	-31.0261
-2.51242	-30.6447
-2.82653	-30.1503
-3.85694	-31.4018
-1.99547	-33.7131
1.71631	-34.8318
3.48537	-36.9499
6.04961	-33.9002
9.0313	-26.5647
2.7341	-15.4945
4.73838	-10.9004
4.81642	-14.1453
0.640679	-7.93146
3.25521	-8.90103
4.66996	-15.8039
6.88169	-12.6298
9.67034	-16.4878
3.62039	-13.7386
3.78562	-23.57
8.20249	-29.4864
4.96229	-24.0596
4.60695	-22.0795
1.85519	-20.0285
0.615803	-19.9475
-0.317152	-19.3948
-2.8319	-19.8422
-8.24839	-11.9804
-2.60532	-10.0219
-9.63226	-6.56023
-7.52052	-12.9134
-9.91174	-6.61452
-4.60073	-4.09525
-3.64163	-9.97395
-1.64575	-10.5264
-6.30384	-14.5699
-8.15534	-14.5907
-6.72082	-8.47179
2.88495	-5.56232
1.1869	-10.6412
6.07214	-7.44236
-2.60428	-1.44162
-8.90241	-8.71579
-9.66083	-8.24056
-11.3237	-1.49527
-4.68309	-4.90125
-14.3829	2.84051
-14.4328	-0.401662
-13.8359	1.63055
-15.2391	-3.48533
-14.8199	-2.00192
-19.5497	-4.26843
-16.4659	-3.78401
-18.3291	-2.19085
-18.5329	0.772383
-12.2262	-1.34418
-16.1334	-0.690499
-12.4798	-5.1385
-2.43087	-1.35289
-5.84624	-3.37718
1.77963	0.588319
4.26619	-4.14077
4.13791	-3.14859
0.735675	-4.7476
4.44399	1.67595
4.452	-13.7251
4.96595	-9.76415
0.96648	-10.9218
-0.580795	1.31206
2.87113	-1.05862
2.86886	-3.56743
1.43447	-4.40138
6.05213	-0.278327
3.28355	-2.35454
2.01087	-0.383496
3.47679	-2.64461
5.44794	-2.0499
3.40232	-3.91451
7.04633	-4.17341
9.74488	4.7714
-0.617671	-2.69548
3.87205	-1.49532
-1.12855	-2.68985
2.5024	-5.96081
6.29142	-4.9822
-4.06255	-15.3036
6.92378	-3.12301
2.79418	-2.62957
-14.3336	-16.2408
-3.05466	-11.0242
-11.8587	-21.9654
-11.7604	-25.3471
-6.83532	-20.0056
-4.14109	-15.697
5.18212	-5.34482
-15.6355	-17.7229
-15.8851	-22.12
-12.7796	-27.8104
-16.1525	-22.4605
-10.1297	-29.1838
-11.5536	-25.1065
-10.3203	-24.3561
-6.48527	-24.248
-3.38863	-25.2317
-8.21423	-12.6581
7.94884	-15.4265
4.63131	-6.94979
4.25458	-8.6003
2.96244	-16.5701
6.8549	-10.6943
0.855524	-9.42382
-8.6793	-17.4859
-10.8743	-15.591
-6.95333	-16.2275
-5.65692	-32.2573
-5.90051	-34.0445
-7.60404	-33.4291
-7.19137	-36.4919
-6.11469	-33.6647
-2.32473	-34.4329
-2.97567	-34.1705
-2.73882	-36.3152
-5.27379	-36.9799
-6.28342	-35.2703
-11.0305	-30.6665
-17.7008	-25.6808
-18.481	-18.0504
-7.34921	-20.4525
-1.16612	-21.338
-2.92831	-23.4118
-6.10197	-24.8752
-3.56726	-25.2851
-5.69402	-24.1958
-7.3089	-23.3787
-10.1224	-34.7887
-7.46275	-35.4277
-4.7249	-31.8881
0.643652	-28.0994
1.42018	-23.3467
-0.0978984	-26.7466
-4.88251	-25.0098
-6.74357	-24.5774
-8.32418	-19.8469
-12.1022	-16.9879
-11.1288	-22.6795
-5.77926	-30.56
-1.04403	-20.9378
-3.3129	-7.54033
-1.6304	-9.94342
-4.99114	-15.1983
-10.4463	-11.4431
-7.43743	-5.9826
-9.97668	-15.3266
-9.2228	-22.3531
-5.4879	-18.348
1.59553	-14.3696
-2.80544	-15.7237
-8.7547	-15.2663
-10.8092	-12.6168
-7.2464	-16.9015
-6.12151	-19.7889
-3.72397	-20.2782
-3.85194	-16.2311
2.10051	-11.6251
-0.924663	-14.4949
4.48312	-22.1456
3.23333	-21.8323
2.57012	-24.5974
6.84185	-28.0916
8.20754	-30.2506
7.97112	-27.5861
7.72732	-26.8945
11.9792	-26.1757
13.2394	-26.6412
11.4272	-27.2644
5.97207	-20.4792
0.454253	-26.2387
0.809818	-31.6792
0.0618614	-33.1346
-2.36557	-30.8038
-3.18261	-29.454
1.26016	-22.1245
0.675775	-22.5241
2.65787	-24.7146
-0.269915	-17.8282
0.214095	-14.8856
-2.18929	-14.7151
1.8325	-10.9351
-7.55448	-9.03918
-5.04313	-4.28623
-6.88817	1.88454
-4.51086	-5.8517
0.159499	4.2394
0.4909	-3.18976
8.73485	-1.48388
-0.730968	-21.7521
-4.26208	-11.345
-9.15654	-12.3845
-10.7651	-12.9275
-9.16122	-15.5502
-9.3777	-16.3352
-7.70299	-20
-10.0546	-20.7909
-10.5959	-21.3143
-9.78088	-20.6719
-8.60933	-20.4066
-7.13672	-21.3983
-5.52408	-21.3173
-6.71201	-20.3909
-6.1096	-21.3431
-3.29914	-23.3886
-1.76189	-21.4973
-7.45183	-12.6221
-12.1995	-10.8737
-11.3365	-8.46202
-6.53754	4.94748
-10.2248	3.17205
-16.1151	-1.38281
-18.0814	0.832209
-6.83998	-4.27191
-4.0049	-1.34925
-0.736398	-11.4059
-3.09218	-8.29048
-3.29122	0.707913
3.43151	1.10828
-7.27866	-8.73538
-10.7731	-1.94737
-4.27033	-6.88646
-6.41521	-9.48767
-3.0209	-13.9374
9.26695	-17.3816
10.3166	-18.5141
9.66267	-18.8167
9.61804	-16.464
11.1668	-15.4273
9.83026	-15.648
4.57842	-12.8813
2.73128	-12.1078
5.16519	-11.7346
6.76371	-14.947
10.0603	0.376966
3.96715	-6.53998
-1.69285	-10.2003
-6.5375	-15.3904
-11.1325	-19.8899
-6.20429	-16.2473
8.09065	-18.773
-3.87039	-23.3741
-0.994462	-18.062
-2.25787	-18.1834
-4.21209	-22.0205
-5.15647	-22.5751
-2.29801	-24.2475
-0.475108	-23.8386
0.440662	-24.6715
0.596636	-26.9978
-0.384818	-25.1329
0.479801	-24.3974
1.11287	-26.6675
0.307856	-24.6128
2.45794	-23.0319
6.84694	-15.1258
3.7022	-15.9807
2.58845	-14.4098
6.33031	-17.3121
2.86071	-14.396
6.23585	-14.4129
5.56547	-18.6425
1.2537	-14.9912
-5.08127	-20.7725
-11.7154	-14.9663
-13.3307	-13.6265
-8.64128	-18.8856
-8.91627	-12.0197
-12.0297	-15.5426
-8.88272	-18.845
-4.41833	-13.9813
-4.22991	-15.4777
-5.96125	-9.34826
-7.67172	-11.3256
-12.7525	-16.4772
-12.5388	-15.2923
-18.6416	-10.2522
-14.5261	-7.57463
-8.03129	-10.8985
-10.2063	-15.8917
-6.12446	-13.2185
-1.99171	-7.70681
-9.74205	-19.822
-10.3633	-19.4674
-13.676	-9.60656
-9.86534	-11.5557
-3.67542	-9.573
-5.89953	-6.08257
1.56823	-4.88954
-4.36861	-9.90994
1.94208	-8.14851
-9.94967	-7.80792
-1.34392	-11.3058
-3.07172	-10.6576
4.58538	-5.11163
2.85294	-7.59899
0.766433	-6.71086
1.46714	-7.38768
-0.263702	-17.5359
5.04805	-3.93777
3.87266	-6.15823
-1.68334	-4.87206
3.26969	-5.91815
-2.86247	-6.16734
0.483913	-6.22211
3.45844	-3.63405
0.101602	-1.97475
6.33014	-3.33259
4.47613	-1.91441
6.47887	0.0831547
2.55799	-0.412943
-4.34695	-3.04753
-4.59726	-8.81455
-10.3617	-9.37553
-5.15475	-1.59272
-9.04778	-2.07629
-13.4139	-7.38392
-11.6437	-12.1652
-5.62428	-15.1069
0.528994	-25.0323
2.62512	-30.244
3.44163	-34.5555
2.37488	-33.9152
3.4225	-34.0806
4.60967	-31.8491
2.73375	-26.9863
0.802272	-18.3407
-1.95651	-13.8069
-3.01464	-6.81906
-4.28717	-2.56658
-12.0731	-10.0337
-10.6288	-9.06493
-12.1326	-15.8184
-15.6479	-10.131
-6.58672	-7.77139
-3.55275	-16.3262
-8.37312	-11.057
7.23724	-13.3972
-2.63674	-23.4032
-2.15339	-21.4655
-2.06152	-17.9157
-1.40014	-16.3702
-3.90328	-12.7833
-3.79611	-13.0817
-3.74336	-11.2531
-3.28376	-9.76134
-1.14902	-11.7403
-0.673156	-13.8144
-0.0228535	-15.401
0.63048	-17.774
1.84253	-18.6487
0.335897	-22.2125
-0.0255035	-24.5891
-1.31623	-25.5684
-1.18407	-25.2093
2.07631	-24.915
1.05642	-21.7057
-0.416525	-21.4449
-5.00196	-22.0192
-1.02202	-20.9529
-3.71112	-24.4479
-3.62963	-20.9894
-5.18092	-14.3979
-3.52023	-18.9287
0.504105	-27.2264
6.32955	-17.6868
-14.8064	-7.83073
-9.29683	-0.957111
-10.8074	-2.43643
-14.2129	-3.88361
-20.2012	-5.46336
-15.5592	1.83946
-16.7699	-9.52754
-13.4617	-10.5883
-5.26179	0.686664
-2.99579	-8.90737
-4.65515	-30.6068
-3.12653	-16.608
2.6084	-4.84726
-3.17274	-6.56867
2.75281	-3.42531
3.10023	-4.61054
8.55914	-12.6029
4.37988	-4.35468
3.55501	-3.57776
-2.59327	-6.84319
5.41034	-11.0427
6.03305	-12.7702
-7.52842	-12.6261
-10.6437	-20.9755
-8.45412	-24.6233
-9.16526	-23.1271
-8.26923	-23.701
-3.06613	-21.1682
5.86168	-20.4491
4.43783	-19.1238
6.10258	-17.0471
5.82766	-15.647
6.17545	-17.6546
5.80969	-16.2832
8.86719	-14.634
9.31254	-15.9048
9.36661	-16.004
12.0726	-19.7679
8.56696	-17.5208
11.6099	-20.0373
13.5518	-22.9838
12.5437	-22.6036
4.3471	-15.8202
-0.473322	-21.3735
-0.896674	-24.206
-1.47521	-25.2811
-3.10271	-25.6874
-3.16124	-27.0747
-4.10115	-28.0854
-4.49648	-29.0715
-3.7822	-29.9108
-3.85619	-28.9879
-4.34637	-29.1443
-3.66117	-30.4512
-2.39378	-29.5601
0.158364	-29.5586
-2.76158	-23.7105
-6.7958	-20.0286
-4.93573	-26.9532
-2.38255	-18.7662
1.80579	-5.48099
-8.77747	-8.74154
-12.3891	-12.8999
-1.11164	-9.23067
-10.6954	-5.26602
-2.8845	-4.48048
-8.1832	-5.32495
-12.3494	-7.38923
-10.2858	-3.57899
-6.64594	-6.44631
-9.43252	-7.54962
-12.9107	-15.9327
1.8834	-10.6075
5.91515	-15.3811
-1.76337	-13.0337
1.74863	-10.1682
-0.697766	-8.13264
-2.1474	-7.61333
-1.0996	-5.52591
-0.506286	-2.94011
4.62916	-2.62824
1.40008	-14.9796
5.2242	-32.0547
9.15857	-8.47842
11.4812	-9.88521
-0.906034	-23.4635
1.83346	-28.0241
0.104142	-18.5286
-7.65721	-10.0418
-11.3097	-9.4538
-11.7018	-14.89
-8.03201	-17.3446
-7.22117	-16.2195
-11.5256	-11.4016
-13.714	-7.95959
-17.7994	-7.73021
-14.9661	-5.08467
-12.4071	-7.1135
-5.05219	-13.7021
-1.94541	-22.6819
-0.826782	-29.7694
-2.20791	-31.2874
-2.39935	-32.5011
0.847046	-29.7591
6.60419	-21.3249
5.42766	-18.1912
3.41514	-15.55
2.49493	-8.44835
5.34913	-15.5795
7.08425	-10.2527
6.8051	-13.4978
4.79878	-8.16328
6.51723	-11.6798
2.77033	-8.77346
4.66847	-9.29967
-1.98463	-14.1189
-4.70239	-17.2228
0.642993	-26.0186
-1.1088	-31.0225
-1.95027	-33.9745
-3.02255	-32.3243
-5.29017	-31.1757
-4.96322	-30.482
-3.48659	-29.979
-3.25689	-29.0852
-4.94942	-26.7722
-4.71597	-27.1075
-5.48328	-25.8524
-4.35496	-27.7666
-4.87809	-26.9973
-6.00552	-29.2762
-5.97917	-31.7495
-5.18333	-30.4769
-4.70727	-27.6145
-5.51844	-25.0282
-4.7843	-20.5286
-4.25534	-18.7231
-1.43203	-19.404
-6.93943	-14.2906
-3.81106	-13.0955
-2.00147	-14.1417
3.05822	-11.2492
-0.169626	-11.4805
1.43486	-10.2094
4.92126	-5.34977
-5.23797	-11.4018
-6.72316	-10.0888
-6.53883	-18.4707
-2.53546	-8.01362
-1.80922	-4.15567
-2.83115	-9.56044
-6.53753	-4.93387
-2.95346	-7.44679
-6.30777	-7.36194
-9.36417	-6.79177
-10.1021	-13.1608
-13.4697	-19.7843
-6.35653	-3.99539
-5.01339	-5.04889
-6.26656	0.425534
-2.61745	7.90888
-3.60997	5.57687
-1.67419	-2.95636
-0.634885	-3.3655
0.688546	-3.27426
3.55459	-3.60637
0.741894	-2.94646
-1.27	-6.83598
-0.0296109	-7.02597
1.69955	-6.09594
1.48277	-9.29777
8.91587	-9.42901
4.33125	-13.7631
0.615348	-10.0507
-0.735706	-17.8771
-1.73841	-11.9268
-1.52628	-21.2942
-6.54455	-24.5981
0.382799	-20.8994
1.94662	-24.4684
0.190765	-30.5877
0.0451049	-33.574
-2.75059	-32.145
-2.09728	-32.8833
-2.72345	-31.9412
-3.91289	-32.8113
-5.1978	-35.2766
-8.30907	-35.1003
-9.40488	-32.1408
-9.45727	-31.0333
-8.88218	-32.4309
-8.19772	-32.7481
-5.64483	-32.2055
-3.22045	-31.2571
-2.30758	-31.8718
-3.31328	-29.26
-1.58164	-26.3884
-0.499326	-27.374
-3.64219	-24.7186
-2.35739	-25.8099
-3.63657	-25.6322
-4.91389	-24.8973
-5.05457	-29.7196
-3.7116	-24.8783
-2.30234	-27.37
0.515563	-27.6628
0.165228	-25.3087
-0.297714	-19.1278
0.595498	-17.1341
-0.641805	-18.2317
-1.3167	-20.0739
-1.87704	-18.461
-1.47425	-17.3059
-1.65703	-15.8116
-2.0421	-15.6042
-0.251384	-16.2815
0.764992	-17.12
7.66967	-23.2089
2.00146	-26.3128
-0.853278	-19.0791
-1.23545	-21.1875
-4.11953	-19.7781
-4.04834	-15.098
3.23846	-15.7997
0.43571	-6.60499
-10.7982	-8.15692
-5.93593	2.13538
-8.56761	-3.94577
-9.37088	-11.3602
-11.1124	-10.6745
-9.96268	-7.261
-12.5871	-9.13732
1.85861	-10.2288
2.55917	-10.5046
-2.11138	-14.7744
-7.09722	-13.9158
-8.89004	-10.3133
-7.95177	-12.6057
-8.43572	-12.7077
-8.43975	-11.016
-9.73803	-11.2085
-9.88122	-11.6108
-11.5554	-12.0453
-13.2039	-12.0614
-10.0249	-13.7437
-1.55353	-3.21198
2.0568	-4.73244
-0.44287	-2.10449
-6.9322	-4.76999
-9.63882	-14.1074
-7.56186	-9.13492
-1.88466	-8.00828
-12.2739	-11.4953
-15.0009	-8.75888
-12.6065	-13.8356
-11.7487	-15.2708
-12.6466	-14.05
-11.0663	-16.4982
-9.33677	-18.7932
-5.47323	-17.6764
1.9001	-9.74595
-1.425	-12.9366
-1.58012	-9.61172
0.744167	-12.712
-7.31153	-5.81004
-1.21506	0.0155827
-5.48047	8.80853
-8.0086	4.40002
-8.55733	4.62091
-9.70944	-6.04256
-4.93513	-8.79786
-1.81387	-13.5934
-2.91168	-15.6442
-5.25421	-15.4813
-7.35018	-16.5499
-4.00409	-22.5826
2.6787	-26.5614
4.39606	-21.5693
1.83591	-22.6656
-0.512215	-21.9633
-3.52389	-18.0851
-7.44208	-11.9494
-9.34634	-7.28199
-5.4732	-9.8591
-7.88847	-7.44685
-6.71598	-9.39924
-5.33366	-11.0266
3.92454	-25.9521
4.01177	-26.7228
2.41192	-25.9581
4.44338	-25.0965
-2.23192	-22.634
-0.468907	-15.1992
2.13746	-13.5483
4.05061	-9.18598
-7.05901	-7.47182
-11.7583	-19.521
-9.44028	-16.7709
-1.17228	-6.01251
-8.43409	-9.55365
-11.4106	-13.352
-13.112	-12.927
-13.2503	-13.3655
-13.6973	-12.7417
-13.2193	-10.1997
-5.6184	0.203015
5.20076	-11.6108
4.05667	-7.47633
1.80164	-9.84015
-4.15281	-21.1579
-6.86186	-13.0209
-7.97394	-17.587
-4.04465	-16.8712
2.99472	4.21339
-11.838	-13.2058
-11.9333	-9.9959
-11.4598	-9.64735
-12.8262	-8.52666
-12.3862	-10.9446
-8.59561	-15.1097
-6.91472	-16.0296
-6.30501	-16.4409
-4.97419	-16.9362
-1.49491	-16.6904
-2.18492	-17.0038
2.23086	-17.6188
2.74114	-14.7577
2.34393	-13.2757
3.7855	-13.1461
3.59036	-10.917
4.49046	-5.19381
-1.66993	-8.67129
-12.835	-26.6436
-2.12356	-26.8755
0.0526993	-28.2129
-0.126107	-24.6947
-4.16916	-27.5486
-3.12672	-30.1251
-1.96418	-29.5633
-1.33293	-32.1545
-4.69977	-25.8539
-3.46522	-26.2667
-4.38544	-28.6466
-3.29655	-31.7573
-3.18278	-32.8521
-4.03767	-32.6146
-6.33227	-29.4086
-4.4645	-29.7882
-6.77582	-31.7077
-4.15798	-24.5569
-6.24721	-14.0443
-2.22332	-12.5711
-1.73074	-5.81054
1.33521	-4.73347
0.560538	-1.91386
-0.626243	2.68058
-2.74442	8.08598
3.383	8.04352
1.12592	2.43735
-1.09031	4.69861
-7.82573	2.06724
-2.30585	0.504858
-5.08794	-3.18052
-0.0587004	-4.26888
1.46956	-0.951803
4.75193	-10.4918
1.32564	-2.37986
5.81972	-1.19918
-0.12868	-2.84741
-1.7874	-8.04455
-3.29287	-8.45903
4.36765	-1.35145
3.45068	-5.36018
-0.424659	-6.06055
-0.210691	-7.24719
4.62723	-11.1995
4.2787	-5.1567
-0.850956	-6.74682
1.20926	-4.23638
3.39718	-6.22829
-6.40013	-3.25827
1.2385	-4.63028
0.187356	-1.86519
3.64247	-4.46027
0.582663	-7.94282
4.22241	-5.88538
1.10153	-5.30617
-0.0214962	-4.41253
-8.61514	-17.5852
-6.92639	-15.6971
-3.81685	-20.9155
-1.03526	-21.8213
-7.83933	-18.1486
-9.09261	-17.2312
-6.61737	-18.368
-9.66476	-16.9014
-11.1805	-13.7724
-11.6205	-13.2952
-10.2768	-15.3822
-10.4416	-14.7026
-7.18151	-13.4796
-7.77187	-14.6851
-4.58189	-1.58363
-18.3769	-4.02697
-11.8509	0.566562
-13.8317	-8.61507
-14.106	-8.58718
-11.7559	-12.2426
-10.497	-11.297
-7.03794	-9.15736
-9.693	-12.9033
-11.4313	-13.4427
-12.6824	-15.5213
-9.38588	-18.4166
-6.51578	-20.2918
-3.53221	-18.2573
-5.24478	-10.3558
-5.73157	-12.225
-7.44164	-12.9572
-9.92803	-11.3887
-11.3632	-10.8963
-10.0229	-9.2666
2.24444	-10.8351
-0.850591	-16.1265
-2.76387	-11.5691
-1.09624	-17.8436
-3.82796	-15.8078
0.908256	-11.2562
1.63739	-17.3153
-4.36789	-9.82043
-7.01493	-11.8894
-6.68145	-12.7731
-5.81254	-12.9465
-3.33896	-14.4847
-3.36803	-14.0506
-0.546699	-15.6393
-2.69952	-13.8278
-4.32161	-12.3017
-8.9685	-9.04409
-4.70738	-10.1711
-5.43881	-9.0528
-6.05975	-10.2971
-5.95599	-11.14
-0.0898463	-19.5924
-3.76401	-16.2775
-4.24289	-16.1321
-3.99778	-15.2147
-3.01857	-15.4655
-5.49448	-10.8402
-7.10279	-5.29001
-0.0864975	-5.54253
-7.61191	0.516619
-4.57317	-2.9916
-5.37417	-3.13412
-5.29682	-5.94793
-5.09948	-10.8719
2.96537	0.578068
-5.55829	-13.2099
-9.75882	-6.71777
-12.8593	-10.9718
-11.8696	-13.0304
-6.41932	-15.7976
-2.44693	-11.5317
-7.65303	-5.62416
-7.8005	-3.64399
-9.989	-6.74825
-9.5453	-1.16896
3.68086	-6.35591
3.76805	-7.11076
3.2825	-14.2709
3.17074	-10.4854
-1.22679	-5.37262
2.25651	-13.6522
1.22034	-12.7098
-12.7125	-16.5042
1.11761	-23.4791
-2.55146	-20.4661
-0.1217	-26.7798
-2.70958	-27.2186
-1.34692	-30.59
-1.91041	-31.2466
-0.611269	-32.6942
-0.400263	-34.5225
-1.38394	-32.5708
2.12452	-29.7005
1.07022	-23.1369
9.25867	-11.4389
6.20082	-21.283
-1.78127	-23.3479
-6.42853	-18.8945
-3.62464	-11.615
-5.98548	-7.88763
-5.50552	-7.23274
-4.81896	-12.2882
-6.82681	-7.23659
-0.327118	-23.5031
-7.33573	-19.0067
-8.76066	-18.2628
-10.6445	-17.1304
-8.65158	-17.8142
-8.81549	-18.2761
-10.2406	-15.3518
-10.3461	-14.5337
-10.6474	-12.0443
-10.7028	-11.5374
-0.368457	-6.00905
6.95742	-8.0723
-2.74561	-14.4046
-4.20532	-11.8643
-4.45022	-11.4041
-7.49603	-9.41896
-7.30429	-15.7065
-7.92177	-17.669
-1.6722	-14.4407
-5.11919	-13.4998
4.22906	-27.4468
13.7418	-25.3351
3.95348	-23.5369
9.55997	-25.5647
1.7233	-27.2985
-0.455807	-26.5344
-3.47539	-23.9489
0.406163	-27.9385
0.223482	-28.7981
1.82203	-28.4622
3.9377	-28.7415
3.89567	-28.6885
5.50118	-29.063
4.15532	-24.4453
6.54554	-20.8967
9.09573	-17.1159
8.96007	-18.9824
5.22377	-17.2014
5.74188	-16.1614
5.51116	-16.0714
4.65752	-14.8369
5.24555	-18.0928
1.47169	-23.4441
-6.39515	-24.7407
-8.46196	-23.0607
-10.397	-21.8471
-15.481	-16.6278
-8.95311	-20.9099
-9.11638	-24.2813
-6.61717	-23.3741
-6.39377	-21.4685
-2.30826	-19.1668
5.32541	-11.7271
-3.70107	-6.02595
-3.329	-1.95958
-13.0073	-4.76487
-12.1411	-5.66171
-10.1225	0.587367
-16.1296	-1.32745
-21.302	-4.67395
-10.5864	-5.66887
-13.1914	2.04195
-13.2022	-0.128612
-16.6759	-2.36686
-10.536	-7.24606
-8.69775	-9.20354
-9.10381	-13.6957
-12.0274	-2.81627
-11.2813	-2.11276
-10.2674	-7.99033
-6.24253	-2.41605
-7.14425	-7.13557
-5.72303	-1.97472
-3.20026	-1.05364
-0.141618	-6.07915
3.3263	-3.68246
-4.64142	-7.82351
0.338831	-7.40468
0.371243	-8.18835
5.30786	1.03498
-5.50827	-16.9491
-1.8532	-17.4661
1.69917	-17.1637
5.35215	-16.0642
6.36443	-21.3402
8.08478	-23.3793
8.40643	-23.3553
4.75813	-21.044
1.10179	-18.0117
-2.13569	-12.385
-1.88454	-14.5305
0.723552	-3.29112
2.54813	-3.67354
-7.0397	-14.3684
-13.8814	-8.86541
-15.157	-5.44347
-10.3627	-9.61565
-7.19457	-12.9486
-7.1342	-14.5138
-10.7846	-13.3493
-5.7658	-18.6032
-6.65771	-18.5804
-6.03775	-15.4022
-2.67641	-15.0108
2.691	-17.9593
8.8138	-23.6868
9.23864	-22.8538
7.87772	-22.6545
8.76409	-20.993
1.53838	-18.0629
-3.70528	-17.7235
-9.93415	-10.9598
-9.34213	-11.9405
-12.4288	-11.5746
-14.015	-12.3269
-15.656	-11.1114
-17.6223	-12.4256
-20.3915	-12.2492
-22.0193	-12.8039
-23.028	-12.8068
-22.9096	-11.672
-22.1016	-11.7145
-22.726	-9.58739
-21.7802	-10.3355
-18.206	-9.97488
-17.5971	-7.25451
-15.2655	-8.07661
-15.8912	-6.92991
-14.9029	-10.0088
-15.5088	-9.92124
-16.5822	-9.28269
-16.1387	-6.69624
-13.7577	-6.53211
-13.0995	-6.2922
-10.9659	-5.418
-9.84516	-6.67345
-10.1804	-6.7591
-2.7714	-13.9571
4.37806	-15.4057
7.18006	-21.9032
8.53487	-20.3245
7.29151	-25.6
6.07005	-24.9745
4.93459	-22.8536
3.06629	-22.9072
2.79993	-24.2366
0.976798	-22.1751
2.21932	-18.1779
5.81731	-10.5747
2.19906	-10.0177
-4.2652	-10.7369
-1.96912	-18.9413
-9.05649	-15.9485
-10.9208	-6.19923
-9.30192	-13.3149
-12.888	-15.9625
-10.4133	-12.026
-7.95211	-19.1811
-6.92606	-19.3084
-8.85623	-16.3193
-5.984	-14.9659
-3.44861	-14.9758
-5.05873	-13.5457
-0.769391	-13.5716
8.10325	-25.7654
7.79551	-22.3001
10.1767	-22.6207
10.4752	-20.5444
7.25802	-18.1582
-5.38981	-7.8464
-0.162043	-12.8125
2.2032	-18.046
-0.773013	-19.7133
-1.52007	-21.2058
0.658755	-23.932
0.564388	-22.5918
-0.541563	-21.1057
1.05779	-10.5026
3.2869	-9.99217
2.86836	-7.17248
-0.237505	-18.9346
-3.4353	-27.8516
1.67833	-12.2692
2.83651	-32.6311
-1.61319	-34.1751
-2.2302	-29.1609
4.40536	-34.5054
8.73822	-30.6684
7.00471	-21.0766
4.35987	-16.9423
6.81063	-9.5945
8.67443	-13.2945
3.86479	-8.18223
2.40244	-6.99198
-0.567892	-7.61408
2.79414	-15.4717
5.97648	-12.7362
1.97392	-7.26979
5.02247	-5.65695
-2.71558	-0.0351061
-10.4145	-0.340977
-5.46233	-4.13953
-2.47148	-11.2977
8.05644	-13.8715
1.70886	-32.0852
4.17718	-34.5777
1.72959	-31.0126
-1.14543	-24.9383
-11.4716	-19.9496
-12.1191	-17.9491
-8.73859	-16.8776
-15.0332	-11.2133
-7.03228	-13.7595
-15.1108	-12.8008
-14.0803	-13.9588
-16.3487	-7.33601
-11.3469	-11.7905
-8.63482	-10.441
-3.04832	-8.39775
0.495005	-5.88488
-0.501803	-7.89784
-6.70205	-13.1507
-2.41978	-7.66964
-0.822483	-15.6681
0.775563	-5.95252
2.0922	-6.44122
3.07547	-2.16388
0.706031	-5.33682
3.36013	3.29941
-13.2457	-5.72423
-8.65454	-2.45449
-9.4516	-2.34753
-4.97024	0.354795
-6.51388	-9.50484
0.483865	-11.0663
0.988884	-9.46174
1.01807	-3.49605
2.506	-7.22798
2.60644	-3.77368
-0.206903	-0.720041
-3.92342	-8.15681
5.22966	-7.27775
4.53224	-6.63749
2.57172	-3.27402
-1.28273	-7.04538
3.02564	-6.26732
2.91573	-4.25231
3.82807	4.54138
5.14219	-6.32104
5.18935	-8.66237
-0.813036	-6.53055
1.70333	-1.51555
-1.21564	-11.1372
5.10321	-1.12049
-3.60927	-24.5979
-0.526822	-28.2493
1.3604	-29.727
0.40338	-24.8167
-1.84016	-21.9544
-4.01365	-20.2345
-8.29899	-16.2861
-10.4496	-14.3121
-12.7049	-12.3603
-16.0318	-12.0539
-18.0751	-11.4724
-18.8239	-11.8255
-16.1098	-13.0047
-17.7722	-8.1422
-14.8926	-7.81095
-14.469	-4.94103
-10.5514	-5.63661
-10.1274	-5.90497
-8.84384	-3.70102
-8.66221	-4.65585
-4.67801	-5.94646
-2.46456	-11.4266
0.580977	-16.4784
2.31016	-24.8117
0.991276	-31.2463
-1.40915	-34.4409
-2.92918	-36.736
-4.75451	-34.6816
-5.23783	-34.5788
-5.20282	-34.4006
-3.95985	-34.9425
-1.48973	-34.5676
1.21695	-32.8302
5.73554	-33.7174
9.48136	-31.7634
9.17154	-25.3152
6.50435	-22.2633
0.344327	-16.4326
1.16071	-20.2207
2.45398	-23.9732
2.77825	-28.8966
-2.52543	-26.2846
0.816017	-25.6374
4.886	-30.1308
3.57468	-27.1922
0.0233478	-17.5648
-3.82708	-14.9393
-3.97316	-14.714
-5.17709	-13.8843
-5.18268	-15.2113
-5.82303	-14.8987
-5.70304	-16.2482
-6.61811	-15.3763
-6.0406	-17.713
-7.22516	-19.1025
-7.79939	-18.4157
-8.88157	-15.1915
-11.6386	-14.3732
-9.69725	-15.0896
-4.12435	-17.0467
-6.06238	-1.21843
-10.7287	-0.644182
-17.9185	-3.78696
-13.88	-8.53671
-13.2365	-10.8072
-14.0963	-5.94271
-13.0982	-6.89918
-9.03563	-15.681
-9.37039	-14.561
-6.58997	-12.1563
-4.25286	-9.1769
-2.94662	-14.0787
0.0426228	-18.319
2.79361	-22.7847
3.98229	-23.0894
1.96487	-21.3748
3.10237	-20.5936
4.21399	-18.9473
6.11101	-16.8723
0.252	-17.7507
5.62771	-8.37265
3.10314	-7.11903
5.17388	-9.7809
-2.68786	-7.83155
5.23919	-3.44857
-7.7071	-13.2966
-18.4989	-4.37358
-17.8013	-5.31831
-16.9086	-6.55135
-14.9889	-8.28643
-12.8087	-10.0275
-14.0392	-4.88479
-10.7987	-2.73897
-13.2516	-3.86476
-13.8438	-0.00704408
-14.9023	-3.69784
-9.21222	-8.05801
-2.40578	-10.314
3.84909	-5.62552
2.64663	-5.2046
-3.88754	-18.3937
-2.97984	-19.5762
-7.13371	-15.4422
-3.09381	-20.3976
-1.31684	-15.2949
4.6356	-13.5917
7.26419	-10.7757
4.43038	-8.26616
4.26168	-8.69208
-1.58846	-8.20163
-0.955445	-7.90021
1.59877	-6.85919
-5.74075	-10.0297
-7.44693	-22.0391
6.94825	-15.6915
0.767549	-21.4617
-2.25384	-33.1812
1.09665	-35.6873
-0.932097	-30.2602
2.32324	-27.8522
7.04242	-22.5252
7.43849	-24.6764
3.39897	-23.5178
2.35192	-26.6657
2.94001	-27.5914
3.47548	-25.0147
1.49177	-19.7547
1.04273	-17.5021
-5.11841	-11.5835
-8.44255	-12.5616
-8.16826	-9.28865
-3.02438	-12.9208
-10.061	1.49731
2.65731	-8.29931
-4.35376	-6.5697
-1.70006	-4.56058
-2.001	-3.4186
4.5488	-4.65444
-0.927081	-8.11511
-1.39617	-18.4183
-2.87728	-18.6262
-3.0946	-17.7589
-5.42333	-13.7676
-7.40444	-10.7046
-9.48304	-6.9062
-11.6468	-4.25451
-13.5725	-4.32639
-11.7794	-8.57075
-10.1135	-13.1005
-1.97599	-11.1007
-0.682723	2.14315
-1.65932	0.792877
-10.7552	2.0745
-11.3817	6.06449
-6.272	-3.267
-17.4856	-12.664
-5.05343	-4.50275
-3.79068	-15.4462
-5.79237	-16.6143
6.24022	-12.3441
11.9828	-6.73545
-5.71511	-13.2187
-4.5542	-17.0297
-5.47925	-17.4804
-5.22013	-14.6536
-6.43859	-11.7542
-3.23169	-9.90519
-0.0138267	-12.8742
6.68393	-15.5671
5.45487	-15.2048
5.8342	-17.4649
4.8595	-18.8475
3.45119	-17.4513
-0.182567	-14.9236
-1.38905	-12.8648
-3.32922	-8.68717
-4.29689	-5.97295
-4.11666	-6.0257
-3.85089	-3.66766
-5.32936	-1.7097
-6.73882	-1.50173
-5.311	-4.20565
-8.9892	-6.38483
-9.11154	-13.155
-7.02788	-17.0239
-10.8356	-18.9198
-7.02352	-22.6806
-6.53726	-27.3018
-9.60398	-14.1201
-10.9588	-8.69764
-2.26974	-14.1892
-1.38658	-13.9787
-3.07458	-15.5322
4.79435	-10.9543
4.76417	-6.42503
4.57872	-7.76798
6.91495	-7.79886
2.98684	-4.38823
9.06227	-1.34374
10.7371	-2.75931
-4.38386	-21.5737
-9.30383	-18.8389
-9.21672	-27.7148
-12.8307	-22.0749
-9.76807	-22.5159
-7.88061	-20.9256
-4.48342	-17.1697
8.00162	-18.1058
8.8578	-18.3867
7.82378	-18.8001
5.75008	-15.4863
4.78461	-17.4094
-2.46441	-13.4771
-4.41762	-13.2311
-4.84849	-14.0173
-6.02941	-13.5883
-8.43445	-12.8615
-9.83095	-12.8847
-2.86543	-19.3805
0.472228	-20.5299
0.191744	-14.1683
0.282613	-4.74615
1.46192	-6.3727
5.19457	-2.74224
2.45362	-7.20846
-2.03105	-11.5886
2.42416	-20.0777
-3.14195	-25.3826
-12.6494	-11.0748
-16.2375	-4.33418
-13.2073	-9.69554
-12.3174	-12.0099
-14.5967	-11.679
-15.7929	-10.442
-13.8697	-13.8034
-8.02507	-17.1466
-10.1888	-11.7343
-7.72957	-2.35199
-10.7032	-1.45816
-9.69477	2.8123
-6.32916	2.06451
-2.63679	-2.78083
-6.234	-11.9406
-8.07282	-7.11046
-9.97321	-7.09623
-7.2647	-6.76467
1.9512	-3.15359
-1.1871	-6.65137
1.72612	-9.76601
3.31116	-4.7535
-3.83372	-14.1265
-12.7308	-8.82664
-12.8948	-12.0763
-13.3904	-10.5298
-12.2244	-13.2745
-11.2317	-14.6383
-7.78231	-18.8843
-4.179	-13.4637
-6.30468	-15.3737
-4.12377	-19.0345
-5.67954	-19.2862
-3.44864	-10.989
2.02696	-8.3431
-0.660616	-6.60702
2.90448	-12.7692
3.23101	-11.141
1.31945	-2.89177
1.17321	-11.3158
4.16421	-8.83994
2.93672	-7.00956
-5.09441	-16.0163
-10.896	-11.4669
-16.6193	-11.3115
-9.12603	-14.5616
-5.5716	-15.6422
-6.59365	-9.16997
2.84541	-5.18446
7.84035	-7.65661
5.4508	-7.66025
-1.44277	-11.0603
-6.57627	-16.6682
-7.29206	-18.6732
-1.37538	-17.4925
4.97942	-18.5799
2.77481	-31.3039
3.55363	-36.7753
1.5962	-35.0619
3.36245	-37.0643
2.01867	-35.5048
3.65224	-35.5522
4.4805	-34.3029
7.02583	-32.8329
4.69244	-30.4331
1.88206	-24.7679
2.9782	-22.3333
1.6604	-20.0045
1.76241	-21.0629
1.25667	-8.68995
-0.513743	-8.10233
-2.6607	-17.1007
-6.49866	-9.592
-10.081	-4.22716
-5.6295	-6.73013
-0.0536945	-14.6124
-8.31282	-19.668
-10.3378	-22.1582
-12.0542	-21.5073
-12.5468	-17.8453
-7.8422	-16.2479
-6.94932	-16.6332
-4.94845	-19.876
-8.30432	-17.2228
-10.2614	-15.8499
-9.61214	-16.6695
-8.67783	-13.7783
-6.39751	-14.021
-6.05317	-16.6754
-4.6725	-22.0108
-5.8932	-27.649
-8.78442	-29.9667
-11.0995	-27.5071
-10.1188	-21.9699
5.84448	-27.1095
5.82448	-25.1058
2.95893	-26.2749
3.75019	-26.701
2.74905	-29.2073
4.5237	-19.6697
0.378091	-14.2958
5.42554	-10.9549
1.04044	-16.6329
-10.513	-14.3476
-4.54094	-17.6365
0.231946	-15.8768
-3.06591	-24.6363
-7.68193	-18.4081
-8.13564	-16.4189
-5.84085	-17.6275
-2.46624	-22.7016
-1.24735	-24.1487
-3.55261	-16.4113
-1.09003	-23.008
1.30789	-26.195
-1.20692	-23.022
-4.36872	-18.0826
-4.79044	-10.9423
-4.70191	-11.9404
-4.75131	-11.5982
-5.85154	-13.0928
-9.30303	-13.8568
-10.7145	-14.2101
-10.3513	-15.4633
-10.5093	-15.6259
-9.39605	-12.3592
-8.36004	-11.0858
-4.11048	-13.5438
-1.59937	-16.6089
2.83014	-18.8694
7.76015	-20.9775
7.31065	-26.2163
7.01337	-28.4199
5.87171	-27.7716
3.60445	-24.9376
-7.58386	-19.2244
-12.6296	-17.3325
-16.7229	-18.4369
-15.8984	-18.1874
-16.4468	-19.31
-15.6658	-22.1398
-14.9064	-26.8084
-12.1345	-31.667
-9.19172	-32.7086
-6.20181	-31.3002
-3.66122	-26.1742
-3.46867	-21.0917
-5.58737	-17.3004
-4.72405	-16.0673
-2.21241	-18.6577
-2.38904	-18.7179
-3.03664	-19.4338
-9.60099	-15.4848
-3.98907	-21.1853
-7.59098	-16.2685
-10.8706	-13.6194
-12.1898	-9.89294
-11.9538	-7.67097
-14.5125	-5.19968
-15.5986	-4.97654
-15.466	-8.34824
-13.6287	-12.6361
-8.83854	-16.5123
-4.72752	-18.4572
-1.2334	-20.3713
2.87235	-20.4484
6.98896	-19.2541
7.40361	-25.8596
6.05917	-26.6968
6.82581	-27.3515
6.55899	-24.8645
4.79531	-22.6568
-3.4153	-15.5552
-9.72065	-10.8974
-11.7385	-15.3753
-9.20771	-21.7022
-7.2869	-25.0686
-5.73803	-30.298
-3.63445	-30.1497
-2.38144	-28.234
-1.05444	-26.6841
-0.0838393	-25.2593
-1.96667	-18.8636
-7.00143	-10.7888
-3.65001	-13.6431
-0.0687743	-8.37229
-8.10807	0.608518
-9.41525	0.426651
-8.90749	-0.241293
-8.13938	-2.78733
-11.4436	-2.25551
-11.197	-14.4666
-6.67318	-8.32053
-2.40234	-5.60928
-3.41801	-5.12271
-2.62719	-5.34712
1.7373	-5.65032
1.47127	-11.992
-8.47342	-15.4111
-13.4484	-12.1171
-10.2545	-12.5173
-6.1715	-10.6881
1.92837	-8.9311
-0.0930236	-13.8652
3.61347	-19.2914
5.94872	-22.362
8.79933	-29.8471
6.87355	-35.0829
2.80509	-32.2439
1.12106	-32.2297
-0.396844	-35.1147
-2.21171	-35.0036
-1.62648	-35.6338
0.718642	-37.5717
0.50728	-32.8981
0.01339	-33.4761
-1.83469	-30.1784
-4.03534	-28.3172
-2.00714	-21.7699
0.459964	-14.1197
1.46629	-22.7568
-2.08378	-22.5307
-2.20106	-18.6725
-4.15782	-16.6479
-0.713451	-18.243
-9.63162	-17.2356
4.83158	-15.2346
0.688613	-13.4846
1.35231	-14.5336
-4.4531	-26.3313
-9.08968	-25.971
-1.93372	-32.0173
1.42916	-31.981
6.79519	-18.4492
0.784773	-22.8217
0.672135	-20.4642
9.61761	-12.08
6.13257	-12.6007
-2.16628	-9.42193
-3.53548	-14.5893
-0.506974	-21.3204
1.75895	-11.1924
2.99727	4.24803
-1.41669	-5.05252
4.63545	-6.78408
3.34954	-10.3887
-0.739279	-7.95609
-3.69959	0.447131
-2.30423	-0.813255
-0.536628	-6.18981
-4.51213	-0.576039
-2.00511	-4.22079
1.63124	0.324188
-2.18935	-7.70151
-5.2369	-11.078
-2.43283	-1.08404
-0.683478	-7.51014
4.02498	0.131045
-1.37235	-6.32394
-1.9484	-8.83565
4.04961	-2.08801
2.23453	-2.49152
1.98911	1.10665
